10
4
1 3 6 2
2 5 19 100
50 20 100 200
4
1 2 4 5
3 5 6 7
60 50 70 30
3
1 3 6
6 9 12
100 200 101
3
1 3 6
6 9 12
100 202 101
1000
895 629 610 381 374 691 439 488 559 580 751 373 148 8 682 789 12 156 43 667 256 583 69 460 874 603 736 283 628 954 797 24 733 440 235 478 65 225 547 30 925 495 242 57 484 94 254 939 340 185 739 709 545 828 962 582 111 660 569 389 865 981 5 649 899 664 898 965 422 994 609 317 637 445 619 803 21 683 856 489 243 973 921 378 713 400 152 675 221 433 208 153 799 728 304 622 771 505 376 328 286 906 125 930 461 395 677 344 720 365 275 377 836 343 313 250 745 383 857 570 665 145 850 384 189 154 387 882 988 737 780 883 532 67 424 300 72 800 679 103 903 279 492 39 639 118 904 132 997 211 6 233 854 615 341 459 796 896 412 426 775 794 160 820 128 486 982 646 398 186 725 823 747 990 905 824 786 768 719 56 793 352 842 498 115 996 314 339 978 483 829 638 689 750 718 4 690 499 82 28 515 284 429 577 157 3 214 697 617 482 761 411 933 826 90 437 368 779 636 51 513 767 744 918 159 234 123 195 87 698 310 96 938 271 58 581 205 549 626 867 769 193 950 542 42 77 534 298 546 288 557 953 421 612 45 616 746 356 833 490 563 635 989 877 805 26 566 556 693 97 333 517 270 742 936 474 770 241 777 785 364 31 723 18 146 210 642 910 48 593 222 405 390 337 292 753 974 10 455 334 971 309 268 325 163 408 324 574 380 537 734 291 624 669 592 699 197 714 641 369 308 38 625 608 272 909 230 578 798 338 112 804 773 819 342 979 318 370 825 83 676 13 863 627 985 711 150 788 385 213 231 402 355 144 814 571 55 430 952 468 274 976 79 845 104 393 552 868 512 9 538 838 407 741 136 892 458 937 116 330 290 508 16 700 446 648 526 980 296 202 137 738 62 772 963 427 267 109 630 265 262 66 361 303 991 266 766 485 755 853 565 1000 52 228 258 968 53 743 724 444 511 417 752 166 860 929 255 506 589 604 686 964 76 509 219 659 951 401 184 567 634 457 560 726 354 821 229 875 105 695 327 688 410 17 277 806 367 236 544 467 329 959 450 957 613 999 813 473 249 36 312 754 223 191 201 948 818 657 47 653 983 564 423 661 251 227 731 585 879 75 307 174 940 551 521 237 472 935 263 134 179 949 306 807 561 943 14 886 379 873 64 932 253 139 717 880 536 81 276 584 998 464 520 588 84 764 360 651 336 496 91 247 209 623 702 100 790 817 595 391 261 138 946 169 945 901 926 787 524 911 650 170 995 834 822 358 477 456 878 302 654 614 840 715 864 281 539 568 618 466 7 931 147 371 554 171 240 606 101 23 1 129 80 923 816 199 881 280 919 348 640 663 141 451 970 535 727 501 382 71 366 41 598 907 694 647 351 119 388 61 781 315 707 428 167 756 922 442 20 862 924 479 830 573 928 507 601 418 692 99 706 165 871 88 259 666 173 847 335 969 894 49 643 224 548 553 297 102 658 778 406 245 176 685 975 316 812 200 791 372 900 958 322 493 832 956 217 35 758 858 872 60 419 238 839 142 299 810 143 759 510 11 183 323 811 757 441 443 453 572 920 633 357 579 607 260 190 289 944 783 516 487 177 740 849 149 293 960 239 409 326 967 264 207 927 106 295 522 471 596 178 792 438 188 655 890 25 285 2 678 161 86 502 244 808 795 420 98 363 887 414 531 662 375 63 673 226 32 809 248 992 550 870 491 529 966 611 891 705 140 955 33 827 447 399 252 514 278 861 434 518 481 320 462 415 760 212 762 984 127 311 782 151 331 107 301 257 605 220 494 869 599 855 631 835 710 848 282 802 359 46 463 748 135 562 22 876 586 621 392 27 749 644 362 645 95 708 436 89 158 575 528 917 815 349 305 216 671 859 345 722 198 533 396 246 194 934 558 600 465 851 843 942 232 133 164 122 893 913 294 37 126 404 735 632 587 113 73 912 130 908 668 435 846 504 470 332 182 684 131 162 672 114 480 947 350 287 701 801 503 541 469 68 121 993 93 108 452 597 670 902 175 431 74 413 540 394 712 674 916 29 15 347 403 50 852 155 889 729 776 576 866 70 897 187 319 449 704 977 681 602 206 124 703 500 680 763 987 730 215 180 885 527 196 346 448 986 44 656 844 475 519 353 620 590 54 386 172 972 40 652 732 837 941 85 696 168 774 59 120 555 497 181 784 416 591 914 888 425 110 915 218 269 92 454 19 78 34 594 432 716 523 765 841 530 192 961 831 321 397 117 543 721 204 687 884 476 203 525 273
896 630 611 382 375 692 440 489 560 581 752 374 149 9 683 790 13 157 44 668 257 584 70 461 875 604 737 284 629 955 798 25 734 441 236 479 66 226 548 31 926 496 243 58 485 95 255 940 341 186 740 710 546 829 963 583 112 661 570 390 866 982 6 650 900 665 899 966 423 995 610 318 638 446 620 804 22 684 857 490 244 974 922 379 714 401 153 676 222 434 209 154 800 729 305 623 772 506 377 329 287 907 126 931 462 396 678 345 721 366 276 378 837 344 314 251 746 384 858 571 666 146 851 385 190 155 388 883 989 738 781 884 533 68 425 301 73 801 680 104 904 280 493 40 640 119 905 133 998 212 7 234 855 616 342 460 797 897 413 427 776 795 161 821 129 487 983 647 399 187 726 824 748 991 906 825 787 769 720 57 794 353 843 499 116 997 315 340 979 484 830 639 690 751 719 5 691 500 83 29 516 285 430 578 158 4 215 698 618 483 762 412 934 827 91 438 369 780 637 52 514 768 745 919 160 235 124 196 88 699 311 97 939 272 59 582 206 550 627 868 770 194 951 543 43 78 535 299 547 289 558 954 422 613 46 617 747 357 834 491 564 636 990 878 806 27 567 557 694 98 334 518 271 743 937 475 771 242 778 786 365 32 724 19 147 211 643 911 49 594 223 406 391 338 293 754 975 11 456 335 972 310 269 326 164 409 325 575 381 538 735 292 625 670 593 700 198 715 642 370 309 39 626 609 273 910 231 579 799 339 113 805 774 820 343 980 319 371 826 84 677 14 864 628 986 712 151 789 386 214 232 403 356 145 815 572 56 431 953 469 275 977 80 846 105 394 553 869 513 10 539 839 408 742 137 893 459 938 117 331 291 509 17 701 447 649 527 981 297 203 138 739 63 773 964 428 268 110 631 266 263 67 362 304 992 267 767 486 756 854 566 1001 53 229 259 969 54 744 725 445 512 418 753 167 861 930 256 507 590 605 687 965 77 510 220 660 952 402 185 568 635 458 561 727 355 822 230 876 106 696 328 689 411 18 278 807 368 237 545 468 330 960 451 958 614 1000 814 474 250 37 313 755 224 192 202 949 819 658 48 654 984 565 424 662 252 228 732 586 880 76 308 175 941 552 522 238 473 936 264 135 180 950 307 808 562 944 15 887 380 874 65 933 254 140 718 881 537 82 277 585 999 465 521 589 85 765 361 652 337 497 92 248 210 624 703 101 791 818 596 392 262 139 947 170 946 902 927 788 525 912 651 171 996 835 823 359 478 457 879 303 655 615 841 716 865 282 540 569 619 467 8 932 148 372 555 172 241 607 102 24 2 130 81 924 817 200 882 281 920 349 641 664 142 452 971 536 728 502 383 72 367 42 599 908 695 648 352 120 389 62 782 316 708 429 168 757 923 443 21 863 925 480 831 574 929 508 602 419 693 100 707 166 872 89 260 667 174 848 336 970 895 50 644 225 549 554 298 103 659 779 407 246 177 686 976 317 813 201 792 373 901 959 323 494 833 957 218 36 759 859 873 61 420 239 840 143 300 811 144 760 511 12 184 324 812 758 442 444 454 573 921 634 358 580 608 261 191 290 945 784 517 488 178 741 850 150 294 961 240 410 327 968 265 208 928 107 296 523 472 597 179 793 439 189 656 891 26 286 3 679 162 87 503 245 809 796 421 99 364 888 415 532 663 376 64 674 227 33 810 249 993 551 871 492 530 967 612 892 706 141 956 34 828 448 400 253 515 279 862 435 519 482 321 463 416 761 213 763 985 128 312 783 152 332 108 302 258 606 221 495 870 600 856 632 836 711 849 283 803 360 47 464 749 136 563 23 877 587 622 393 28 750 645 363 646 96 709 437 90 159 576 529 918 816 350 306 217 672 860 346 723 199 534 397 247 195 935 559 601 466 852 844 943 233 134 165 123 894 914 295 38 127 405 736 633 588 114 74 913 131 909 669 436 847 505 471 333 183 685 132 163 673 115 481 948 351 288 702 802 504 542 470 69 122 994 94 109 453 598 671 903 176 432 75 414 541 395 713 675 917 30 16 348 404 51 853 156 890 730 777 577 867 71 898 188 320 450 705 978 682 603 207 125 704 501 681 764 988 731 216 181 886 528 197 347 449 987 45 657 845 476 520 354 621 591 55 387 173 973 41 653 733 838 942 86 697 169 775 60 121 556 498 182 785 417 592 915 889 426 111 916 219 270 93 455 20 79 35 595 433 717 524 766 842 531 193 962 832 322 398 118 544 722 205 688 885 477 204 526 274
72 29 99 20 51 23 17 58 72 20 75 22 13 98 62 25 38 64 32 18 13 99 40 31 99 20 56 38 63 35 79 85 26 45 5 56 85 31 71 92 8 9 87 89 95 7 69 53 81 38 57 75 39 37 21 58 60 90 93 48 44 48 75 45 16 20 69 69 41 97 25 57 26 54 63 66 66 15 43 79 44 54 55 71 79 5 99 55 32 53 44 31 35 79 31 86 31 54 95 59 95 70 70 33 98 97 72 68 96 93 54 47 45 7 12 83 50 18 9 3 98 46 15 33 87 92 8 29 98 18 25 12 75 41 87 71 36 92 37 67 29 56 19 40 63 85 94 31 54 21 66 85 33 66 50 51 65 98 86 93 45 30 85 29 6 78 3 34 10 69 69 68 75 33 56 18 13 31 92 78 11 14 2 27 7 12 47 23 99 37 45 29 28 19 28 87 61 83 92 42 5 91 34 9 34 59 8 76 60 39 13 90 53 81 6 90 16 58 71 37 47 34 42 88 36 3 63 58 53 61 41 24 18 48 91 76 57 52 36 85 2 41 40 4 28 80 79 2 57 97 57 9 94 93 93 49 24 88 29 19 18 75 18 43 20 87 82 48 79 7 16 10 50 50 16 10 81 15 73 1 62 26 46 43 83 82 34 89 75 30 33 37 45 84 59 16 99 63 74 74 84 23 47 81 31 49 57 75 44 3 60 89 0 64 14 22 81 96 55 5 9 74 32 10 98 64 86 29 18 49 85 55 25 82 62 13 52 1 36 75 53 46 60 42 72 45 88 97 84 49 80 24 98 85 75 28 49 55 41 91 84 94 84 72 30 69 52 83 19 75 99 28 58 52 93 95 44 49 21 51 26 40 87 44 93 86 49 38 35 56 74 47 87 46 64 33 4 34 25 83 38 37 69 1 40 87 31 47 28 56 45 9 69 79 13 34 14 19 86 82 26 85 63 9 79 45 55 78 71 10 54 74 0 86 48 31 54 77 1 37 30 74 24 60 90 86 18 42 79 3 73 5 21 82 82 10 71 43 18 13 28 12 31 45 80 6 19 18 19 71 21 8 53 62 81 0 80 76 17 60 59 90 78 63 66 14 39 6 12 94 36 5 11 67 21 38 69 81 29 8 60 70 48 89 91 11 86 19 92 87 2 17 28 84 24 50 34 45 46 95 61 35 68 19 54 91 23 64 41 15 26 59 53 44 13 47 63 27 15 20 7 83 86 45 4 61 90 25 89 35 43 46 63 0 38 81 48 90 14 15 6 77 44 58 24 96 99 40 75 74 44 67 39 96 14 32 66 10 39 29 44 90 85 44 47 78 82 85 2 47 90 23 92 27 4 20 39 32 26 53 50 44 80 66 63 17 57 34 93 98 40 48 27 93 22 9 64 47 34 22 38 64 12 37 65 76 55 60 49 72 39 70 8 34 67 37 3 59 56 35 37 85 41 36 7 23 43 67 83 98 0 76 20 52 92 81 80 13 94 19 22 68 73 89 18 44 34 79 79 39 81 72 1 38 94 86 8 31 71 69 43 64 52 27 15 95 11 55 65 62 85 14 97 15 39 46 28 73 64 81 25 81 82 45 89 6 27 78 45 50 9 9 72 63 87 25 25 68 28 7 80 20 96 26 6 99 78 81 5 93 44 12 6 84 10 50 31 75 33 27 98 63 31 59 22 35 66 85 36 12 34 18 39 86 40 77 50 64 63 22 65 80 67 74 13 68 66 99 44 37 16 18 72 31 8 10 82 20 93 85 59 71 77 1 13 83 87 27 64 69 62 75 7 68 79 26 31 92 58 3 39 95 13 47 53 93 53 72 63 51 28 2 94 73 83 87 3 12 43 77 81 68 47 9 24 2 44 49 95 16 23 37 96 17 78 53 36 87 94 22 13 95 49 96 67 47 48 41 58 38 39 8 32 49 52 55 13 19 2 99 60 51 17 76 13 43 62 88 97 26 78 38 17 7 11 92 96 73 11 0 7 64 51 1 40 80 76 17 42 95 27 45 88 48 40 76 11 34 35 25 91 5 41 23 83 39 37 42 25 91 60 58 16 97 21 19 76 3 52 18 20 79 37 72 20 66 70 50 70 16 8 68 81 50 0 29 41 63 29 40 76 85 43 23 48 41 34 97 20 78 72 96 40 54 40 35 11 79 65 92 38 53 57 6 39 4 4 93 24 72 87 87 2 66 59 3 52 84 17 0 98 69 2 23 10 65 59 55 40 44 23 25 46 41 81 1 97 41 58 0
1000
84616 71348 33043 47785 14060 86688 91858 34537 73089 22048 64610 87569 22008 53178 41560 86864 35717 59287 3594 25850 35355 52891 6022 16157 44141 36807 52863 41900 31914 93279 79069 61865 98214 61158 89654 36960 8590 16436 77308 23078 57920 42850 56983 62075 49251 92874 22132 90190 71457 48153 93828 38614 8237 63251 16162 17738 63363 36657 33633 24199 76374 87089 96188 3179 25043 64772 2551 40149 94053 16255 42586 99475 39694 15367 55773 68234 74761 5449 1726 70814 44877 89735 18635 27158 94732 87922 16082 48693 14978 35679 35851 62878 39996 99949 37499 37976 44745 57670 4548 21914 69441 31052 84291 16770 33398 63968 15769 94666 1113 72909 69195 35884 427 83164 90588 98677 61612 92645 60367 89453 57745 65643 6982 77291 1380 3751 31794 86509 52426 92136 13453 85814 32462 62242 17369 87848 52338 573 43244 56831 47956 97897 38051 71865 80590 52640 90264 42806 10157 9310 92427 3806 30388 98318 82969 63311 63251 10047 43550 45625 6382 72271 62971 39736 6699 1589 2498 44990 55281 37251 82788 72186 25460 9042 60107 5323 74431 64836 62712 3431 76820 18725 47190 24003 20026 9291 15067 25921 15125 50788 91769 19778 28364 17114 19530 87294 90349 7700 93783 8003 2118 84318 54298 67901 54656 93124 8790 92242 98890 91177 23778 3670 31796 27682 31340 64662 18481 86397 75327 11287 38049 28204 26832 62117 19960 9479 19166 33350 10389 73224 54436 31197 11423 9915 55106 33899 39251 96632 82792 1284 5183 89107 24279 59642 2526 27419 2998 7581 36702 91671 49375 40635 25518 66912 68737 59974 69059 40344 84440 9721 61909 33503 74965 12841 34700 26747 74817 21249 15535 7232 24988 79283 93357 87939 66508 41538 5334 61904 77194 29902 6896 36596 9887 93999 1501 96850 89673 14136 70957 21073 75439 95008 81218 49097 97447 95742 40400 51933 95670 95614 84730 85574 40477 25422 84569 54402 21018 90148 52419 96420 11160 22788 67149 53563 9935 45711 77464 94428 80595 90658 20113 50690 53062 73366 5011 74176 37034 57141 95736 67896 93017 96046 79907 52219 71155 56108 75594 58055 95107 95943 95389 17498 85181 18682 29814 18472 48987 71730 95251 40752 2498 81588 79292 38893 62400 61284 17090 73811 4204 3992 60523 90356 38884 74552 46602 72564 8995 31683 74732 30193 38660 73367 40650 16558 67771 42267 30773 61130 95342 34013 88155 7258 65379 96368 20309 42187 43219 50972 72826 62207 99421 26031 82459 46327 57023 88236 42519 7866 73100 73678 6082 30154 50091 53081 51922 31193 88300 65293 16084 67602 6603 26286 87968 28722 37806 48206 47881 12532 80513 32033 53052 82106 34830 10991 22198 1837 73960 28023 48255 10294 97261 54466 78413 47290 61907 35449 19741 11954 37970 89096 75616 10287 96330 45919 26104 81118 40191 40358 80126 44592 4977 72838 47487 4007 10093 55629 67606 54440 98298 78346 86858 49554 90361 30060 48010 2393 46497 99396 27636 63474 68223 15899 24279 8000 31378 42365 45782 56167 84705 88753 91335 91721 2546 39647 69613 6500 96994 91161 78911 72797 53773 6344 93434 38623 75332 6652 57683 31904 72748 44055 92301 3486 46185 25398 34974 35403 67338 76221 97119 99355 93000 42564 62680 77086 55614 23957 306 62964 30890 15893 59711 57338 38131 81553 96186 25472 28036 89387 82937 76597 33081 421 40894 84779 16078 91558 65347 40055 19092 25867 19462 57434 43122 66870 20678 65997 59316 16025 21248 28553 36066 77641 4691 55215 58353 12335 66378 31788 63542 52173 69308 36177 33670 82207 80785 82551 91165 52869 96289 4269 69642 66826 72085 39883 74272 52569 72317 16302 51420 91424 18756 70311 92395 47846 14226 88128 11174 67143 12133 49666 55937 30994 32440 68024 47883 20661 48008 89366 39937 53833 41706 22349 1388 68280 81500 46786 12548 45384 51062 58599 17841 13041 94512 34700 64924 7418 65783 89503 15290 90585 74611 58853 85766 40113 38140 24987 6277 69245 81533 45418 64601 36801 45411 82814 80463 83114 37707 30149 63238 14171 64171 6677 64528 92763 92697 90618 93499 80712 38772 36508 10968 7153 1949 55681 34230 70670 399 99011 69059 93787 33657 70336 55203 3242 43761 70496 37028 49616 92759 90273 99122 50807 27730 87021 68523 46136 38466 50364 33910 9082 93721 52088 86167 2841 62955 46549 78648 71250 94045 7738 88547 54926 1861 90840 12959 17747 11451 65528 76097 44097 84413 59514 77419 84386 73576 20399 36832 39681 99603 27644 45043 91647 63938 16361 3698 47994 35162 99528 22639 84477 66979 33968 78864 26440 74418 84802 96397 20290 8855 6221 30218 37526 16267 58613 93624 95022 59307 90768 28333 58622 30583 71413 36549 46780 95503 39555 11667 80187 553 33655 56303 91574 13563 10881 93045 15096 24800 19670 68424 42823 36068 42875 653 74886 75857 62434 65626 92310 71600 88327 92355 76856 7436 8337 83663 21185 2552 35968 83041 50927 81638 31928 2127 65600 15599 10847 44635 89001 42411 77943 69813 36760 19452 59162 85588 17979 2972 78609 67712 843 54461 25795 34363 40156 91360 69510 86020 3897 45423 3655 11605 57524 55973 41877 58214 99730 8097 78816 68696 5968 40855 72878 31190 41450 72768 66066 98132 16061 57541 64699 18711 87661 36330 95173 16677 43772 6621 54032 17033 63565 47594 11900 97659 97476 57286 20872 82973 70702 93214 14676 70090 85273 18537 72835 93841 43387 19812 39076 41666 1540 96180 78222 22434 19647 73038 16737 22760 64849 22631 26996 9675 30047 3155 95072 18532 64878 54853 49016 42861 71847 72391 34569 88319 64842 74719 3284 19982 11731 90823 96026 45647 3558 83616 89817 78205 92702 521 28719 69174 30399 53867 93249 43039 95126 76247 36533 11056 21340 20948 49961 62881 85598 93913 48683 11750 31256 38824 11114 75041 47214 83674 79017 53408 67939 58054 21165 50572 21757 25515 27221 41891 60086 81730 51407 80472 80952 44735 39591 94271 86392 98347 3929 5971 46047 22595 89050 26153 8133 32767 50663 62563 68194 358 96056 67358 64207 29174 5527 56471 38902 59082 84698 81027 79216 59881 66156 69933 44360 29860 26328 73254 78535 30249 54187 33978 15236 55507 79814 32102 85575 52093 38869 88710 94296 35349 62431 15040 71821 44013 8503 83348 39428 62600 80207 51955 58987 10774 60100 27583 13871
125182 92851 44505 75938 91931 140020 151310 93020 160055 64814 68504 119405 45909 123424 73823 93102 86860 59823 12417 93835 132548 75155 16880 64407 121817 126356 148207 67460 73044 94976 83322 154994 184777 108541 187223 79978 30734 114531 136636 35262 130122 62550 141214 149103 131012 131428 24197 115197 101127 126668 147827 106461 101288 103413 27358 19315 77141 95468 98481 44101 97006 91214 98891 26785 114892 74012 74481 81115 115541 67426 62308 126196 64456 75989 139598 87670 89873 87440 38187 103778 53741 152954 30967 75829 177426 91652 113080 51092 64735 54634 55051 155176 92383 137749 112124 47787 97131 65777 73335 100255 73019 55437 124372 45471 76007 127212 114607 176166 33405 169978 78089 52146 21600 111718 165058 184286 145620 153301 82648 180376 58796 129803 13541 123395 35276 40789 115021 165364 122646 109132 74442 168833 63075 75020 98330 178848 143131 54316 95950 59077 81319 164562 103567 170878 102121 72751 181014 76607 27540 9684 137660 52210 125529 184935 134514 126879 75076 67312 79639 130083 49704 129403 102905 40269 13656 7240 85085 120397 72544 66293 89963 119423 90844 60045 68780 96740 93729 131151 153175 40018 110192 97915 134628 80223 74938 84606 53944 116717 42571 69719 176366 118480 113815 97998 68114 122067 173626 70842 173576 27626 55306 148355 125244 156057 70937 162322 98118 132640 172795 93928 27159 68409 67030 123203 106393 108628 61158 170761 173140 64055 48441 79469 121363 129040 30841 77996 40338 112169 11739 90634 86005 89875 44306 12872 118239 67747 126762 129747 94990 48761 80877 133253 122787 122318 61401 41925 74499 58274 68351 131947 68067 86777 61574 67345 149348 70234 108886 119781 164264 100327 74754 49432 84023 30923 67111 83832 138961 22194 49653 65403 93135 79754 179408 184037 87229 124382 9613 87140 84603 127242 70245 131431 105470 131490 5741 97989 149633 30390 146857 67005 112716 130917 163796 74034 104774 141889 64745 137861 137262 99282 125461 121332 84356 84629 168576 111747 41308 91034 55309 159540 52417 115203 140129 101274 100356 101849 98934 184027 114928 179883 75049 63198 107668 146639 81928 111108 98743 97969 188644 161108 177584 195984 125553 148009 93935 85186 93298 115846 162869 170925 178156 52286 180084 49624 61660 49181 66969 122797 126687 109600 84022 133068 86975 108531 138282 148463 78012 147492 33357 19884 125502 143162 65163 116202 67527 112687 90590 59329 124521 56482 108896 150424 42973 106472 137666 110576 125259 128413 100939 97246 127634 50760 114959 143433 20688 102956 68154 65545 158254 131549 111059 125469 157678 95848 136254 178957 141925 83132 130868 142323 54915 106340 52460 66135 119966 44360 164660 159679 32431 153754 104459 75648 112301 60720 80713 145695 144835 41363 94340 64986 132474 177287 122439 61625 63334 96736 158120 74990 49858 54517 122530 113201 161792 113054 66255 50326 45743 59249 97311 132722 151755 35705 139293 72353 70881 86857 120571 59960 153689 119200 84417 156014 115125 31420 30111 111182 85107 102790 134389 123645 177159 134932 149272 34677 107928 27459 67867 109663 87641 134725 93068 45866 60146 75804 106782 85046 137508 59874 125575 118249 172825 114587 63183 46163 93040 75664 165076 98258 104491 125041 111015 13511 178837 129251 98826 17025 147000 45318 93933 140024 92547 67717 49635 116816 57839 36495 129851 116545 181675 171987 134621 101206 105871 133879 81109 89416 39437 120783 83273 29105 81286 81638 108207 110854 164970 115339 62595 159421 120323 149515 71628 94302 46422 163050 20466 187221 79808 129828 117751 115093 28185 149461 94531 159791 117760 116491 125949 30029 86632 98661 115177 89178 94572 132682 114929 106047 119696 41014 115673 81078 80684 62552 74136 132425 150384 111976 132375 109666 196241 91289 132742 75705 112856 110791 131131 85838 127520 94497 82461 144151 19778 157865 185955 128856 82822 168125 55149 96790 88856 96170 67662 119589 72760 150532 51195 41180 106552 123664 128614 92954 113539 34058 1656 92183 140633 146546 94487 73991 93607 71270 85405 94110 99713 50676 77179 38763 90873 141424 51857 156928 80486 144964 96886 66000 64375 40475 42618 122438 110217 142196 75666 88084 82655 181274 136777 137046 43048 87269 140555 72485 124487 100816 157330 132838 172051 173931 115958 147465 122048 129458 97628 28967 34198 64812 120513 86889 40487 194454 165295 119632 42210 105753 66594 55913 45710 89079 102764 70982 124371 148944 189477 54006 108849 147058 109615 83075 122026 73562 70070 25012 144925 121013 97573 18641 77910 63500 144475 110299 130106 49209 141311 135802 28563 110107 71957 97793 46344 98821 79938 63058 136768 81275 162337 109141 83748 65132 78947 87071 184878 90704 84103 182990 131692 114934 60576 107126 46435 103871 94031 100273 87776 63860 165636 108894 95734 121743 151242 90341 69029 46434 126340 71472 63851 78697 165401 145092 91369 151108 70159 80798 120414 81804 71980 137085 164411 64715 99891 123451 54084 87921 70418 176945 81919 86338 102782 90906 69581 24220 73588 107227 63738 119734 11506 77723 79743 133170 119656 162222 131295 97430 114111 163076 77933 83806 146125 42779 65175 119021 86822 97151 177642 116783 11096 113062 111940 79055 73307 136221 92215 160125 84483 72287 75795 126259 154580 21907 21401 79332 72022 46227 99760 78655 83198 51030 162086 168903 120431 102423 65357 12974 88474 121400 100040 44964 119017 174580 46168 174444 155461 11143 108061 90968 90004 137819 134225 110692 176207 23669 86267 108022 101915 177872 38862 118327 88133 101984 40008 71473 78211 162161 111642 18346 140109 103465 98609 96596 181460 169374 95200 21956 110820 184044 97971 116731 144548 91392 83351 73237 109899 63895 116441 168474 114839 99237 111428 74543 90852 132469 107858 84466 75274 30277 98962 168359 63747 85871 65141 138373 56187 168007 151841 96933 152600 78188 140832 45365 55576 20302 171276 184489 124384 58824 118193 112602 95829 95168 29664 69254 136474 89891 95573 147583 43190 190915 157166 109717 103428 44688 47576 102664 65536 93596 134514 64413 59256 98065 121921 75102 163306 90707 146990 108390 75437 85012 68454 108420 142914 79362 110024 77338 112924 128878 164574 115503 84032 124374 115856 98891 105419 90853 150969 13367 31266 129233 28037 93274 122286 11050 90756 149017 114131 111546 92192 169626 76405 142864 106696 96491 139139 49853 87206 163595 107159 109059 115843 85314 73063 139436 118366 83792 165681 164506 55701 128954 128312 51541 145753 91787 109095 104003 82564 89655 156487 130191 105940 65052 59468 139918 116612 77131 125132 73003 112519 145656 101164 77177 101448 89531 107338 110970
45885 689613 772882 804886 510275 303697 762412 520077 587313 894783 377591 285568 515483 835618 730034 325927 771781 520435 24907 296735 430097 873978 158138 524043 983191 121074 377331 261317 582352 359699 7711 299777 429191 650509 858271 755970 653003 783332 162994 390637 32817 10828 432971 17087 724440 994887 945253 402087 777369 501996 889005 884375 681504 389980 610293 395115 704459 720387 931893 594318 587388 525918 400369 859766 971565 481788 838330 827229 419071 631307 635506 779281 163627 933512 773937 967273 407034 960102 675564 938352 408040 530665 376948 18374 623799 34599 683750 481629 793325 987046 192586 834659 818429 573059 672577 857747 976592 795889 558447 48711 788254 166809 106012 17452 713435 601067 732781 124586 204774 675654 744626 255022 994241 952876 835664 121054 491873 845068 55904 900769 14768 43850 522488 740892 636207 225867 206421 258615 704233 303710 731643 446750 591930 96556 342612 491162 121212 493951 722442 114871 984740 227938 106051 461906 899644 945781 537141 716853 169532 492312 861547 73836 572273 546177 238377 399836 77022 65041 407413 5591 542900 155119 282729 887232 679201 380814 109754 207560 917288 301916 800916 380212 740913 941273 411427 711967 645621 421003 559802 496763 268841 803381 558443 643927 741712 259682 483563 992473 79690 382578 197000 847817 647403 504835 373224 488276 958096 578850 704365 100118 102486 261900 181814 464245 721251 785917 776472 430523 601253 621061 205772 769951 39344 483730 493990 23021 207703 764325 991786 351776 994342 256938 372214 443699 776899 111400 979001 812022 875226 805716 569395 488495 356061 843377 78073 461088 153904 723182 757395 148488 631319 199753 323753 275993 873997 211940 180045 105505 272147 131794 823639 77777 668336 231927 965216 206984 950955 410263 590838 647441 232950 828371 983497 619274 92851 626348 360493 270553 938122 623528 261739 286984 70177 453740 129286 773397 69732 308226 229072 423627 663265 232065 752776 126213 306703 87610 210742 769036 432411 242389 991661 255795 319374 247334 41990 614188 838847 240046 38483 126091 193828 70578 304927 19546 758207 62791 299975 970950 455010 857291 270043 356509 202820 308269 768739 697474 553024 311153 102337 134199 559045 724729 157244 559451 951559 621241 979989 376754 619931 599129 147650 558932 153066 122616 309362 76522 519105 495921 239038 800039 950812 904225 871407 780888 446493 308756 427579 850709 974203 619248 385273 941848 556638 356439 478919 659457 817434 742443 977241 386597 238154 388336 994900 256449 344280 386225 462939 49524 586033 164975 8048 62421 996823 725327 351113 644698 543535 853138 43642 169473 971338 567569 641518 105180 795584 169848 800506 613600 463239 601233 154606 928850 990367 367208 507056 592028 199297 50622 250466 160209 78899 84026 163812 827518 742899 257607 739559 127248 450594 833299 91603 423648 649231 515095 582762 29671 506212 189360 403962 891107 951149 706046 122026 665181 238247 842 880494 428968 312467 561229 885601 904236 448076 394749 711054 688002 986784 741016 195830 835091 184179 788473 274079 772168 106991 369118 225610 106089 193602 53408 744925 477868 251613 654204 163314 404869 742521 209825 499915 184118 26222 569221 677149 201874 695186 481709 657280 23981 588527 898210 587541 14340 255025 229789 353953 261288 737932 87534 251447 372610 144611 983723 799539 549458 273362 264691 480686 527064 380121 845884 697578 262720 130150 307768 334176 413073 566832 440573 670231 873200 616164 685332 545248 355442 80532 607896 691971 938502 571369 353000 166559 571399 49800 150128 44636 746414 988781 431534 3580 14594 672308 400609 832139 790243 364821 981658 150867 607165 131761 955480 573689 964978 498716 690700 390403 650496 946180 666072 925288 682136 122796 330337 409313 163973 566414 443763 508919 334058 491375 545034 874467 26103 122614 265119 914744 960424 893149 999220 58074 192205 563784 7019 18308 828967 572795 768265 986177 227225 402561 425149 80941 22898 306460 564390 763361 562339 769384 798691 95594 59573 944049 9660 622751 346829 538118 579385 508486 390116 591450 195712 792032 623505 454182 714935 880230 562639 306004 955075 724060 228661 141320 174098 362098 6627 401387 470215 513507 289619 720209 182945 3533 594007 998085 5209 430513 672114 455624 508261 306543 744656 11681 807659 914425 486736 64885 890555 3958 56817 171229 615352 748722 218554 63320 269683 318444 215372 416924 707236 923804 660323 415750 83745 586546 862679 154962 824366 388801 288091 562843 560343 835129 248810 433884 869262 940008 420243 115127 488110 479563 370036 5594 364722 755181 23191 522198 60628 618607 212998 208536 506643 848568 18416 740102 776751 23121 862609 721703 896676 228760 656026 321140 841259 266704 931124 600792 695028 726546 5593 924328 880600 253107 204686 7739 242544 481560 466800 695615 385964 589009 890217 501163 612478 634240 654666 318173 161098 372338 259636 577929 61748 61787 866528 462430 505824 239732 91716 560340 183351 820833 196841 226922 488758 97978 995967 394404 683462 825563 865295 636305 783199 749596 302891 865022 913943 749235 795021 215699 344621 396960 689513 407082 576608 779767 863714 220385 307450 883422 184412 581075 899762 193682 586494 228206 118752 947242 241926 60744 39804 605707 575979 16254 409045 564350 535093 392697 689684 204417 328586 711963 392783 614058 359749 137960 989091 56268 644966 162594 474713 844697 224360 656807 436395 22111 369086 575394 213096 94177 150397 943969 420337 283106 649392 135891 276530 544071 442556 281922 101172 304969 489838 879910 774950 818232 342234 291328 255561 890606 672792 617412 972738 406300 238332 20911 707959 470429 876348 152056 610005 837897 656035 894525 188630 214174 785925 510001 993682 707486 633270 165683 302684 500322 523436 8303 450264 423710 831185 14908 109584 241836 696624 235829 726567 281423 210212 900656 889495 205551 308836 260867 991151 336310 992339 791077 120578 131119 216101 771689 935015 269765 313984 61380 32259 788461 960437 338048 274585 979840 487257 827674 277773 12946 167073 258975 408944 206865 940258 297327 68223 953032 95680 77022 615592 267556 673382 607501 272781 138777 827196 188109 680625 648557 250839 456240 397239 851749 641962 903180 702551 912908 812490 808125 536784 911367 55444 602879 518778 3221 682868 171967 730404 933545 919114 307374 587497 609483 664508 177671 449485 835020 731767 295844 765684 326663 995808 580708 663213 40631 180224 269926 432783 543979 874189 204852 285975 837324 233982 761123 894988 604820 764471 897862 940211 688988 590958 939135 744423 35897 723407 214991 56366 482615 564815 178653 793983 812691 606746 623230 343862 945011 478180 830294 469948 711284 697277 804694 500275 560118 537640 64552 15425 842187 7473 405653 233156 454601 808089 164779 300881 112601 293606 205215 929533 846488 949677 661148 582922 351913 574667 482823 569066 246196 543090 254535 948726 928500 991802 789039 317233 245119 776445
1000
24470 47561 69085 94350 744 63280 14458 27730 52182 4769 31167 92360 53875 66769 13551 8556 69519 63642 44007 26710 43283 98842 92026 617 78209 94201 43655 38537 29929 48836 3681 70817 25967 83386 14365 49236 36053 90952 92378 46943 16473 22859 35622 11099 87951 87157 43214 99388 45976 36289 11367 6317 23035 20834 3497 50111 57573 64641 41945 30370 72644 52330 83167 89680 30294 989 33433 93927 18622 70723 6712 36305 78330 80770 83773 91976 29137 21207 83305 28582 47654 97239 93599 11789 46545 46503 78775 49965 75000 26047 77924 50934 94866 71340 40512 15935 21705 94466 11662 43625 42906 98586 95650 20296 15971 17804 84324 17592 95746 37829 82447 74757 78898 22754 88309 50013 73128 72946 88334 1290 44917 41687 41791 51142 70797 67770 44993 15683 50478 24883 55075 86218 23305 91974 28561 16450 22130 96359 92714 34068 76872 33970 23093 37618 23848 3519 40257 37662 25699 92223 63432 43306 59422 17355 84402 7843 88219 61721 62767 73017 64872 9244 91827 39047 98412 76516 39039 39219 78553 68848 2529 82294 5445 1997 80333 16711 44562 80657 79668 30024 84587 36286 14033 90714 52269 83290 56229 18160 81799 8614 13914 59970 72550 31682 21006 21265 32723 7695 98934 81454 86799 85354 78815 88082 36443 35732 23513 56524 66683 67673 36777 47122 27080 31379 52394 86243 67005 51860 44656 74576 68699 42156 33849 44881 59998 36313 84194 31579 92762 11511 23942 82321 76162 21841 80568 17546 70052 81431 8769 2919 10609 1625 39840 21601 47872 99584 71843 87398 45214 34230 11788 46380 18444 78922 994 58273 63844 11429 32440 82667 4471 1174 38391 67232 7468 65309 71618 44675 51349 5792 75230 96073 25796 36909 3988 34290 44445 8235 45536 525 42289 43563 30758 38240 69128 94198 54843 89743 59482 8768 42573 75654 68083 67886 74635 88788 11077 6734 59584 43908 16478 3935 44579 54891 59328 50610 80850 48902 22597 34385 99955 74684 81895 4492 28398 20817 6279 70615 65163 66409 95193 56289 82640 60623 84544 25772 64837 69412 18549 35694 14548 79261 56441 77576 8773 22503 62467 48233 37751 8794 29852 21441 72592 61657 88463 70495 33384 95252 45873 43678 50008 26909 96742 89321 91150 35649 73772 87489 12284 24272 91897 98390 12678 16098 25259 54629 51242 59841 3593 53095 92149 95827 63908 18597 45481 994 67951 14895 11811 66890 10324 62022 49143 17461 70664 69758 40679 74625 3623 95962 9889 22955 30748 44305 42361 62934 9352 69462 61343 19010 86164 32534 64569 43931 29785 80214 36126 16692 69495 64807 77689 38003 60834 35696 95986 666 62929 47984 70701 91645 75545 71484 50029 10152 4443 26932 16052 51808 72924 98102 31 51809 1246 12419 97656 85837 61194 87285 46576 96999 20872 71998 78546 53008 7614 83997 25580 83199 71911 17402 1837 38140 91251 40770 10517 87269 84767 66509 13312 16292 73576 28764 42695 4618 63480 69810 89201 15021 41820 93524 7614 99955 54804 55643 96052 95221 46058 95103 24912 85646 95083 77298 44012 78297 58103 20377 44425 3380 45912 95873 74990 6340 85033 5516 44770 92214 28592 35985 10923 9683 16461 6874 31698 89932 7248 47284 80475 49985 11690 84956 58383 62104 23802 44562 59888 80295 83938 33404 81164 90919 16371 78140 94378 73309 96390 78305 32870 12426 62935 62809 11472 93007 94711 2968 86167 61224 86434 77767 23284 2763 64652 18522 87716 9334 74372 53584 98809 20268 86255 69978 51845 32413 75853 97620 99717 91245 57662 70337 33994 68406 87273 35464 6351 51883 37564 53961 7350 50689 33896 94936 43760 59434 24944 70216 1880 21902 73338 3160 94207 14670 79969 95200 43011 64998 59135 59521 37257 66924 20406 92867 93331 59843 11293 60883 45499 49868 19387 68602 72282 3347 88237 80125 70450 81335 81380 47831 85568 93828 18501 25741 48171 76337 17345 51247 50111 40708 84770 28121 4614 1982 92817 30766 67483 83523 97930 38040 75532 40517 97248 95175 1684 61017 37142 86808 23024 75207 60767 30588 52835 17991 9989 45558 74406 77327 11922 25528 35679 53709 36723 3122 77422 51200 56003 20348 49830 91663 27417 74052 52711 48048 74187 84557 33715 38708 10630 73205 61237 74678 6169 17472 65734 67195 9955 76950 40845 29936 99386 80107 87918 19297 72979 56537 10090 29472 66396 74005 32986 12767 53224 18524 85753 14477 76308 83947 34300 42088 3228 38658 709 79297 2316 94237 44823 33723 11620 4231 52236 69322 83962 20618 83944 87530 43311 23907 75166 71149 36621 97322 81541 71270 64020 33162 16345 87849 73621 29453 44870 58087 37055 33677 27001 46429 55636 6263 57292 10535 79246 55990 93210 99911 52924 94802 70832 28679 39802 72648 26851 35736 17280 99966 23404 57340 90656 29517 19350 53344 69794 28300 2627 87077 25228 80215 9132 4238 33446 70192 85530 96327 20652 61963 40819 55277 98273 61658 76713 47258 89370 73697 86373 95726 43783 25749 36510 44846 44340 62437 1752 81732 2069 65762 47997 25669 50006 69663 42027 35788 13975 84407 26039 37130 52465 64280 5664 7431 37682 64353 48193 70341 99605 91487 71015 64480 60651 77975 34280 85952 10660 79601 24295 70152 20792 88513 45967 61318 80523 4726 26049 74119 44446 16848 15327 29966 20727 50487 59395 7598 99570 46324 13853 19332 70738 25156 92654 5509 82583 42791 42845 40714 45718 85247 43605 31701 47404 7068 65406 17293 55993 64019 50981 65941 1362 9476 76369 200 96734 18823 27631 43888 25619 74316 63269 65992 87093 81782 48161 58506 62100 68987 23337 88566 95117 89674 76102 91689 98251 2291 14360 60083 17087 32543 74574 44426 5276 54735 56908 37652 77598 47009 65494 64560 55164 6524 63529 82478 48761 58047 85712 90472 91475 26892 74351 55199 39563 24745 96250 18402 91036 84976 48538 65354 40896 105 61102 79462 74022 48544 7729 74327 14390 90182 66713 48266 62678 17526 4462 39561 30985 11841 40022 36397 74501 97443 49122 6758 58361 28031 54257 76183 19428 22033 58501 19836 8189 78389 31698 90068 80053 56070 83478 41841 39476 20412 72326 12300 16666 23685 70692 4165 35234 19301 47123 64205 30847 32923 39794 12357 91501 7644 70449 81691 7024 86982 44047 92903 90010 80118 56948 78798 96358 17663 64664 88529 35599 75639 89543 95534 2697 69224 10198 21362
50938 71616 155618 131201 62431 81853 81624 81034 67796 68905 37950 115688 146628 123529 81921 76649 113444 88035 70301 49076 96519 128891 93142 1138 144128 164342 92234 94980 91543 131154 38672 147202 30926 84499 84427 58577 58608 189905 191152 73255 58175 76233 87025 70281 175048 89690 58666 173383 61594 116902 31145 72427 120711 35001 51013 63418 95630 120441 111434 100193 143995 79884 178832 155892 86431 23852 55582 95478 111892 132766 94796 78034 83084 118497 156078 109612 33835 77032 83927 71357 55417 149678 166618 77441 135001 58933 105682 140657 110677 36378 157767 113373 103848 130945 56904 99852 58933 167350 90722 116726 124587 98912 105191 84534 87352 105782 179788 76120 150764 93313 113915 137529 93938 48325 131750 86331 87757 165111 95082 2362 73319 135642 119652 124922 85839 74131 125874 72320 118676 41798 116249 162840 95481 165828 48999 16541 110037 111628 145586 131303 103596 123937 51185 113630 104353 22245 79943 121701 92763 184959 84901 60392 95754 104232 96015 48295 186244 89646 144102 130060 149205 46268 98581 116217 181071 163312 42804 71215 79463 127493 16464 155086 95177 87793 85518 47229 101758 100260 97531 43505 161442 123164 38037 188300 128810 128908 108796 88797 162704 32237 30419 81140 116104 52277 59325 65653 129127 71662 165537 92511 92340 173580 127755 178409 61387 64453 40267 78832 161880 140128 98573 76732 61288 69547 53489 119802 140403 54939 49208 162750 78164 82687 132246 59390 130600 50965 155438 112702 174968 62936 26049 163569 163894 65544 82163 88317 166176 129502 74913 26038 96264 90273 119010 84504 144659 170182 73056 139775 119820 126016 70800 138736 34857 172547 58684 131743 73523 59588 111017 134351 46638 26581 126914 146620 14883 122181 169471 99863 70101 69358 120519 140976 85948 132359 18800 82835 126448 100670 91415 89972 54520 120124 60765 42283 79341 131609 105063 129534 127250 49251 70132 137070 162361 106399 154868 180744 59330 103697 108406 120836 84470 11891 108844 145527 85198 100973 155929 115246 33582 65964 152230 156705 127308 55222 66409 73534 8235 117091 128412 76920 170899 140896 93503 86742 103371 115312 125906 71647 31855 53494 61379 79916 151096 109058 95225 68268 112105 131130 109259 57183 70167 104455 97822 104595 164528 150257 61112 147180 71039 81921 142506 36195 132758 169694 96489 123605 171890 108813 83696 92357 120204 190778 72396 108369 85062 92393 99924 77523 85248 128321 186959 186645 105433 76321 65446 90196 74554 84048 74942 68908 101200 123663 70886 53382 142842 100658 128717 141043 44637 131670 74614 23868 44592 122825 82070 136732 97862 130781 121307 71222 155165 121499 109253 122659 71973 145326 41615 22554 165751 105775 82543 91181 67344 108956 173020 49829 127644 52459 109509 160435 171795 100049 136099 48616 43701 61015 21012 87059 136820 196082 86609 68440 37358 80832 173939 136705 86684 121454 96390 164750 100556 121311 164344 118190 84277 158289 65466 154612 103213 87705 52805 38164 97338 90020 75311 165972 173943 108848 68018 90170 127806 61110 73741 50264 131853 72648 185330 41100 99835 166814 10254 158022 91487 108732 191711 158242 97500 155093 101631 133505 161551 106134 69595 93561 63912 22492 141564 96066 61412 177068 170321 31499 158134 84332 96752 185566 66874 65965 78441 61896 68200 15068 40813 98308 29979 85261 117097 64261 14098 175792 66942 97416 119855 126255 129719 170479 135323 51142 178236 156962 72473 157165 163661 112118 122200 163958 49799 98984 88339 111839 18933 151006 163291 100895 165616 77243 99136 88482 32683 40793 124135 93622 138198 94837 165373 117290 182272 97235 148652 92752 143520 46196 173101 168951 119404 145580 91972 116772 103828 83836 170010 99616 10303 71222 46820 62387 36839 91685 53026 176195 116908 158948 90417 152551 75081 33151 129801 83450 114957 64186 80951 158448 59288 118699 134379 134800 81008 163243 112009 127241 162227 74335 27850 107523 125890 142837 37423 100767 128209 70589 106905 115953 83084 95992 167540 68382 96027 159205 30101 34077 84796 86681 111121 111540 59057 47577 131988 85190 33296 58887 175567 121252 132543 110148 143144 79881 155471 79077 162810 131604 20886 100163 95881 91371 109983 161479 148896 118810 85289 111858 101679 123721 109708 155628 24984 34593 58588 117514 40899 99001 140128 83803 123012 117708 96068 102261 48056 97835 107548 141510 131517 122446 119076 51708 61212 120364 88530 119915 98398 94269 90201 82215 77316 87506 74755 110327 123260 96049 131284 51429 170434 84424 68156 31403 80096 106705 70506 53769 150857 107611 106679 66361 116507 114624 54858 136639 47682 125800 18172 116805 100810 104507 71372 121062 47097 57016 89324 98663 165683 107798 103317 130165 60746 24974 163643 146346 111239 107357 92966 159929 126905 133060 52718 91720 144517 93784 59201 94366 105895 58960 67050 120552 68880 61664 145417 96437 164436 121793 116699 115250 94603 138283 94526 39636 129344 160103 40104 69201 18337 166036 42733 108145 116494 126215 74374 68692 104987 68693 50623 154621 104273 118051 45844 10939 35678 131957 88276 110555 114901 72084 64618 82466 176201 99894 111680 75278 96394 90458 151889 140298 96425 29060 128958 99450 113792 132094 58058 145070 11739 87346 59983 48167 103267 124646 43922 78922 22314 142357 92483 103814 69324 95142 20989 26312 61684 149380 53504 111993 191687 105772 133584 70969 117979 153091 133760 180805 30229 122818 59103 99296 68203 186412 130116 124188 135439 30191 111671 111269 51675 92533 74193 109673 65125 59734 156174 101093 194040 80048 39391 25826 85866 66354 144225 60511 126033 57178 74844 94874 56859 150695 61620 64664 106689 82793 92707 83476 72826 146742 128162 153590 99398 41437 160397 56121 195893 43502 48525 119711 112262 91966 119002 88960 171286 85134 50300 129719 79359 117419 62550 124926 129304 154021 139827 144012 104286 42165 84741 157952 77035 99091 108920 72741 9980 105580 122911 108609 128646 83153 81133 140278 104560 62429 80020 92889 72889 116004 155124 125763 104487 77944 116326 143574 70382 106641 113425 81243 113479 175357 82998 88124 56845 49586 136570 93692 120548 143980 44210 174243 86615 141902 114403 49781 131608 72648 20632 73798 47381 55395 62370 108438 105748 132243 66269 53123 92820 50838 84170 120599 101895 88123 131810 77906 92602 172858 47963 169408 113416 132089 88655 67992 137647 33158 96181 52528 98916 28613 135376 22530 85245 24539 63527 101892 103970 46527 77338 51830 129618 23184 109051 177277 59935 141739 125099 157439 160647 133546 60221 149302 190654 53751 107080 179160 85106 133380 110405 123617 99923 89031 60864 90558
828218 172916 465041 952217 90086 457569 40174 853725 910100 567450 880637 431803 74976 895232 992350 668075 94102 435634 844059 10930 367694 729422 509301 995890 951629 706962 137228 799580 317123 361536 806106 577521 992541 994460 56233 809223 926893 418067 338479 932130 735653 415805 756782 236818 492023 675474 240650 794915 702780 601030 758770 758409 118174 886376 616279 967203 809327 601283 989172 983375 501179 836283 551498 356844 903535 609742 332415 779257 140372 534119 309154 209562 701709 919479 516353 377753 325710 225626 283746 251997 237489 708728 233934 462645 525460 197925 815220 735582 402805 37102 668813 223050 335561 936894 755012 649135 749380 326793 136426 850782 63196 18528 655798 167083 180752 385206 619596 200949 573029 412704 938886 849490 551751 944681 204304 263320 77636 323458 193633 839177 202838 707449 4886 385076 143486 181097 569822 606995 45134 804308 911192 596729 330084 842272 759047 843354 977338 217132 164951 980908 752554 941307 333892 594628 416251 875998 937711 26657 174516 50123 372038 133309 840175 43319 441714 55218 89636 498609 230909 694039 22803 788431 819980 396497 919200 633769 89042 830712 901656 687213 587496 465538 924583 62271 714617 557200 559749 333157 17248 947115 593863 620958 628746 114101 678977 740659 629592 123245 533420 195989 433102 927401 479884 886218 626330 463784 143170 992990 165118 353915 93745 849157 934253 130010 991073 864352 695167 588793 48845 736340 685744 696984 664864 719266 590720 865622 867008 829085 840400 667972 881554 849551 801546 439241 262712 533982 703006 908688 509438 201779 598116 721233 7627 57599 966490 696713 418275 283478 664013 456328 514521 559174 463017 722349 762985 757836 385397 829452 993473 518301 51444 168699 199249 636083 102186 822564 127427 158431 648472 103147 574929 82891 5389 579084 947579 740112 607462 792210 13873 300621 848522 510920 989201 605403 437230 310962 584393 355545 257197 852634 693879 969695 293777 178819 56501 101042 963071 679770 435349 495115 41181 153257 967545 191593 780773 621749 829241 735265 884804 616766 681185 220772 25891 89871 380276 687450 549343 274796 843608 264940 340517 800338 605240 539917 4319 89029 139148 299691 168226 898939 311295 201167 132996 926156 122481 490150 955885 275061 618852 811068 497425 692127 702179 283547 777546 116517 42074 283330 112208 313248 633526 456 341337 542595 381161 394624 397732 880811 710493 550174 45557 835354 865039 306725 589167 459117 354068 7280 560042 19045 83190 642238 415147 115587 903856 288125 771626 23586 547595 425657 682453 369441 56792 525038 705591 887456 348133 367401 743708 567070 292859 288113 682438 299501 417289 798638 922674 556966 21586 152439 754978 279574 114165 729495 769313 96368 393522 118992 87289 629891 945858 962046 643101 263091 338511 962152 713480 596430 885946 271112 400617 832665 766255 876414 767262 297710 637930 529606 459720 400694 703445 99608 282672 144577 760416 891570 267543 491475 352158 587960 315002 927139 986394 784752 220095 108900 281269 687669 893330 677782 989626 260223 175209 999502 652566 924188 477558 750289 305284 375669 300324 422443 486537 783492 471015 660488 571630 553659 699628 887034 985329 800450 535217 444628 178025 190010 2698 293995 114662 418833 88391 951739 692399 291389 307433 765057 366712 944773 390662 940108 948819 314370 551214 373603 947453 776666 505775 560275 85042 596260 843019 311476 407312 864363 918489 271583 641413 21964 564429 566213 619741 695471 466941 141963 409509 325085 743136 869450 753732 140202 803943 171117 824273 249103 274335 62311 345701 582098 720756 290728 477250 970546 818973 950877 435541 30086 553135 941010 260750 49819 276510 31145 929951 382282 923141 199759 440157 758968 107269 479866 902255 563342 926417 160596 515400 610886 419421 949025 959018 314143 969376 249919 590021 27268 843432 243419 948064 583031 732511 668170 370587 990865 544587 549110 537895 214498 919493 312679 90607 64901 979834 769489 765577 650482 48963 150610 184102 383132 563695 934097 66971 699352 57886 277704 700177 210520 683375 205988 992883 609151 111268 935661 738787 638806 262371 673073 464440 485853 412209 591797 149057 246018 333536 109482 145293 118818 744217 281480 161299 104500 329571 659122 301397 334776 743351 596646 81181 351250 392428 428679 503394 751934 141472 138822 566767 175563 487902 235403 946569 915772 842519 348048 429065 135917 836512 618951 204593 672550 217822 968291 831369 901064 876055 756799 13933 939448 302754 182941 50049 468961 865658 68544 687 554056 9009 969164 397208 675512 999062 436392 983894 86111 835906 485394 382566 294480 908536 863573 619718 619470 797901 183547 957062 342121 137259 147695 570663 710848 679926 38589 266016 914919 140424 542556 214974 198929 871980 72912 339921 669932 377428 435915 538942 80490 559477 51887 408693 134716 467812 920454 371510 234427 62391 179634 69086 495212 692327 61013 155043 296838 698248 821779 168387 158952 575503 121256 896680 291310 956855 446715 427764 871772 423711 157235 337592 648655 897058 109688 306920 147195 353009 21268 591644 563129 937323 57104 245420 934400 354590 838140 481350 640296 198290 905696 934171 878218 293651 590382 455104 573406 31213 641822 236071 653751 190579 590851 384366 406640 817688 559389 251791 954738 745146 791830 612291 809021 698480 209532 825597 890782 815721 871018 973184 737211 937889 776477 125289 710294 451133 626722 444277 225991 779384 962238 378995 741244 482347 951615 298807 351155 96518 903643 487242 37323 409511 995605 990238 696496 728425 143341 271253 17886 341645 455924 845224 553334 367825 410601 523926 637157 273572 885324 309043 852857 606517 492077 777153 596683 867256 320577 959513 18124 272925 50961 40703 447881 817912 515292 93125 151334 790483 995421 789822 687286 802585 278882 673807 102737 871919 255390 370575 510438 218033 369854 334928 35688 689775 600198 509344 522745 928871 436823 777928 562023 261499 824112 705618 984753 652698 682352 667078 5179 61785 753084 585634 915569 82408 396951 433030 122741 550206 469642 548134 100318 675576 182510 471849 82782 346185 533380 549218 404710 143612 209274 183824 136039 851848 368500 790384 988377 559548 750802 945199 260131 290170 335210 181693 301006 154709 254512 708347 705707 341173 651211 726588 754174 28767 672702 141020 370427 11243 119125 612266 778595 9886 395179 543951 872745 586125 144162 342823 957787 283358 317634 24047 577310 526907 439817 653323 180972 111263 610453 687057 534227 198206 135406 382964 980626 10140 668418 574268 317385 187177 638860 685899 752760 159119 590333 702061 374013 810836 538466 389718 884338 672566 358364 993190 110306 831448 502742 227760 725769 548840 999627 282699 197678 130621 987740 346144 329188 269651 314998 141789 772602 682637 562590 770861 418174 733739 705111 321831 935231 127931 401494 206006 412967 299689 486177 858163 448342 128514 462206 20446 846197 955820 2966 109833 416122 827824 624858
1000
87731 76567 4364 59685 84150 91328 12420 39000 29734 7491 26843 82264 7591 57787 47701 82548 98582 15146 62323 83477 69690 61536 44942 30312 78734 67663 98510 76159 52378 16620 52155 14080 15193 71283 92823 13435 51627 76398 32958 77687 22020 46016 76298 96197 909 57202 81109 52448 81176 16091 20708 13804 51031 42796 86068 76907 77076 9752 72001 32741 75170 58214 15308 5419 61654 68800 83532 37903 79591 82222 65910 67572 89762 49356 23497 67347 11227 56894 87112 1674 32938 95512 8300 15278 8340 67407 64555 44765 17762 97905 74525 46098 56221 73872 57336 52147 41135 49835 55409 17714 41552 72295 96988 32765 98010 58522 37999 6561 72379 86097 81120 83918 77492 53982 21053 10747 24708 93676 27639 37539 45929 18151 68882 63137 68773 82000 42549 37543 80594 92494 59216 17985 98865 83418 42392 40195 61479 41564 61745 66956 34778 59818 23953 96254 29988 45667 74007 57510 11017 44370 6006 20016 50034 47294 50198 78058 62491 46699 96226 59612 32794 86489 90824 34598 98201 48959 7231 84199 50188 81201 7578 410 42158 28727 17541 23442 54327 92118 47450 80889 56988 18302 61306 25354 51473 93192 33858 15621 90835 86914 47110 3116 64625 87356 40297 37294 96090 25027 23907 92443 44995 7432 96658 869 6931 75633 82436 32513 5913 4141 96336 54681 93913 76237 98316 79421 2620 9358 4714 20141 78844 72799 87752 15860 56330 80193 29650 46883 93072 13480 1723 19200 12390 11287 3998 89492 77846 67425 63632 42485 2655 67916 72555 63846 84573 74656 77298 63044 8985 42773 86575 79977 45092 18216 57349 36944 18670 78220 16128 47080 36515 66651 96624 52848 1487 66518 50411 64847 74533 10864 78332 98721 13408 81673 70469 41201 14617 52192 56853 1111 30530 90306 52153 42296 21845 99614 78839 76963 3394 16784 13512 50078 54125 89868 97621 49613 20803 56355 50005 92207 8211 63021 44373 92822 4146 92229 23179 34789 36679 96365 2243 25302 99701 15916 75409 86853 36902 65988 51705 48298 77296 97069 14972 6883 3954 97396 63254 44684 43954 80564 45135 61578 55818 57434 11233 74884 1663 5454 40565 12008 62483 96623 31399 4414 31858 44548 38242 65273 16711 66397 29073 18973 26584 51943 40875 57543 22788 55702 55320 86346 30558 79281 91624 92365 61292 36473 82962 26924 68078 56607 77287 47274 39731 45743 27819 38057 68018 5111 71209 6200 56287 94453 42631 39138 86215 92975 49155 20240 59945 58497 40389 57299 53164 3278 41789 80396 29593 56589 70530 93189 12472 10568 28444 5870 92204 6799 25533 88700 50365 17277 18227 22908 58436 93963 86738 21374 15505 97438 56260 5361 18926 49551 24132 84151 62644 81256 90241 28439 38908 98638 94693 83563 8954 95285 67751 21170 94811 84308 16227 72854 99961 99194 943 79119 29919 9469 82548 13515 64567 36599 64359 42208 6584 36483 55663 92231 97966 61858 45562 46205 76262 92438 61358 66887 72485 24452 68954 70863 12656 14860 87891 78034 3296 52326 71012 78360 22564 8390 14793 30483 1204 33770 8238 49888 45907 88644 17831 73204 60223 39303 50098 11868 7896 95474 49683 20707 1950 70268 48114 95911 77974 69248 88876 19256 27957 68909 81703 71620 15744 94692 44147 12721 53335 60334 33827 51471 74167 53700 57572 44710 45894 24128 81174 68699 81520 42978 72856 30914 63904 2357 73448 45740 36843 66036 96292 60928 17638 70313 27621 50583 40172 75441 37749 97255 51157 98703 88321 1075 20932 8583 77739 30037 95043 89509 18124 24311 89028 57039 37669 39470 49455 17782 32236 10627 79804 90058 15799 16011 3748 86502 29942 25579 92445 86403 30088 98146 27496 21906 20786 19776 53996 50410 77898 68645 75237 25245 57177 39836 80998 63782 99413 22490 75940 47835 7425 70615 47030 6646 19677 59382 21322 93258 73203 55911 28040 45638 30743 41963 21102 86700 35508 13130 63886 36931 56348 10641 64614 4703 24856 61909 97578 70882 172 62683 6347 98605 18302 669 98038 83387 57888 36036 23777 10692 56651 62906 6106 30714 87300 85067 64690 69232 18174 79373 8379 27139 99964 23902 73902 45058 81285 73180 69123 28289 25 69914 1668 18553 47162 92674 93042 26202 22016 71256 51763 20499 82817 33057 70655 28570 72033 15951 5378 44325 5739 92715 86008 52095 21126 55288 44609 2013 10734 70673 7172 19685 50995 50512 35177 22056 5012 18087 84841 90984 22402 58508 92537 58790 18498 27458 65009 5599 92972 30145 35079 84900 96363 28095 20358 48204 67916 52948 45090 44793 10553 59759 3011 18038 87727 93053 34314 39222 51180 60306 30670 94467 91037 55923 69928 51715 79512 28361 87811 78131 73554 16448 36086 84040 76793 95973 31904 62046 37979 19758 16466 94481 43232 42849 76108 78262 79397 25809 6763 10395 39750 89693 98495 77604 74963 23405 50267 3252 27484 46936 6153 95833 15380 6098 82719 85486 84300 38329 29219 45317 73560 44405 98703 43831 38910 78036 12113 81330 57389 42630 22023 26712 42630 11339 96941 90041 66331 71149 14532 64027 42429 71071 88244 25721 3065 9282 24188 82479 42778 87225 82261 77117 69304 25170 5088 28740 4011 94144 22179 16268 88459 26974 97724 83481 50489 55019 13226 54795 35533 68501 58119 15970 31554 10530 27827 10163 34909 25191 91595 24328 39116 16942 77803 36658 2015 95169 7944 87673 4856 51551 31839 77787 32484 23254 7918 61897 6239 67613 58076 86215 68758 38536 51282 65842 19964 4053 96262 84792 52541 58051 78237 52515 53802 62534 24559 13594 17107 40261 24966 73041 15388 13270 41939 14526 81855 17650 25199 79474 33105 35960 96948 95950 5235 86034 31491 89752 19156 64100 14826 25966 6837 26210 91589 71682 8313 55838 69882 57732 72163 7927 60802 15331 90663 64048 72707 47323 91210 99962 16344 28921 90523 94389 99149 72733 38540 75888 52075 88590 37543 48927 2479 49995 55498 17247 23326 43092 40700 96771 32673 291 75272 78806 47543 99289 48796 44278 25289 41133 41964 29993 20571 90005 45153 60145 75176 46595 20564 16833 4673 11648 24041 47200 59391 33687 49544 73519 93635 15401 47899 47062 34918 60787 31513 5177 34431 65842 40459 26598 97045 62660 63445 93065 1696 72017 31287 14273 14681 6603 2109 19938 29618 27174 7367 41312 81061 83503 94707 28771 11049 27616 2298 77022 79499 79674 99597 21048
104263 159225 15617 74641 159593 110411 96458 133078 74457 28151 82945 142635 20667 89584 61382 104178 190482 86208 108731 141898 115516 127594 92448 45004 154853 164299 169602 106815 103690 65776 91124 59996 22763 149422 108445 99768 124326 99275 115233 166771 48304 98133 84540 98317 23555 125663 107870 97749 149407 59839 60365 93105 69787 123459 108649 162822 114976 63830 80005 52087 114869 77328 83790 25200 146131 105301 160930 93132 167170 143789 115428 137509 110930 50884 116592 135002 28451 91039 118578 1908 107735 118824 46148 39550 15338 117673 101669 127700 79449 154248 85713 59633 122308 169622 130208 140825 60896 58946 76276 106348 126432 124689 124911 112577 141521 155588 61141 23576 123898 97165 98265 170617 174357 106247 112742 27814 105839 161753 59344 40996 105657 117355 116013 133050 152422 168020 142507 44307 122078 134818 135857 95644 169089 133938 59164 79659 108372 118618 79562 81509 106464 152279 99640 124782 113784 145571 121999 153781 16257 93634 43916 27578 117179 55106 149599 130653 130011 142604 105873 123900 66271 139451 95531 75722 145257 75904 97254 176756 58108 90160 74252 58264 124764 46777 55970 69751 151716 125043 62943 161518 149768 80254 117423 85229 129528 166387 106209 62416 184818 185527 140242 61472 162099 120142 104122 44745 142427 113074 111255 176228 74609 18742 99173 17613 36982 135248 93242 131393 98519 92764 145300 54994 96283 115271 163604 113025 76031 55217 36456 38792 79044 135389 139829 16448 122126 127565 32667 97514 141673 76556 39119 30307 75034 46876 21576 164870 126611 141346 71308 124197 74043 86752 99196 134933 158504 153844 86817 84348 95362 126935 135130 167930 106172 55238 156823 99929 38598 96777 25547 124718 102994 72824 117122 110661 57517 109544 118617 153936 91724 55199 147487 163290 21352 87867 133509 54959 73960 102992 130691 55448 92424 98369 132866 82755 105363 135014 106063 96585 65681 42635 61904 59771 67508 132325 99350 85837 53169 79969 51476 170905 50469 158769 140170 159897 8021 181553 63818 74296 94246 164213 39827 42077 126387 29863 163024 158844 121515 133480 129992 80299 174450 131937 80063 19161 61385 104757 144767 128437 69543 96806 73422 149844 97820 104721 63466 143591 69163 24532 88170 26521 92692 153480 117098 35685 79733 116433 40099 87303 56963 161321 100010 93657 117511 58291 119806 147760 109524 116925 122721 178331 85519 126494 94603 94554 108070 67177 100201 56791 162567 87073 99781 54966 42114 91197 98276 115140 129779 44932 118698 98397 93860 153680 107168 94159 86233 103058 125991 21392 152678 139603 92341 154315 120509 4761 117839 159445 42860 112951 87785 108497 27837 89945 101713 42944 95188 49548 66659 169868 134035 75597 21740 28895 127290 145545 109210 61430 61692 167847 137800 86547 77164 141573 36688 115785 156174 111569 130940 61056 123280 167544 128579 155209 38121 182223 142084 104621 183496 124268 42537 150985 174572 198620 56651 140793 40501 100430 168375 34941 145710 105328 133115 45649 15937 102117 70057 130111 146681 160399 133386 55304 90180 175397 93883 160206 83535 115269 143140 112608 61218 41630 134348 120177 65405 85824 169602 135900 45004 11040 30154 122597 50107 99061 46676 139467 135073 128642 106523 97504 68214 123474 57598 106030 20381 140358 82903 80053 42773 146370 75407 155591 161346 103187 98686 30236 83129 80292 163785 145186 81502 149453 104361 85558 124678 70035 129909 138621 160261 85567 74229 84027 109813 89727 87208 167239 156369 98596 98897 126108 135348 61317 104021 57295 126148 118053 180426 155606 110749 122431 44417 72565 89743 141915 101798 181280 95630 158726 91583 67686 69169 103424 124411 53910 146627 186697 117445 62052 144492 78639 99711 124058 66851 76836 46132 32120 141518 188203 28962 45674 21351 180161 102041 35818 176132 150639 37336 149085 32503 70221 22893 42312 84048 64526 156833 149093 95214 82669 122127 117382 177264 122630 155054 112987 113730 113270 36049 78599 58336 83530 19689 100427 83313 134113 167365 95395 119758 129583 105363 46426 81003 131317 127162 82101 119715 122753 79298 96366 157819 98777 34781 134143 176506 112108 21640 130996 38015 103514 116864 36605 111048 113635 107189 129041 33486 90025 110696 144497 92103 118517 113480 125817 147111 98075 38830 93260 70546 88144 128297 115522 116725 110920 101829 149933 95171 62191 51499 169828 39255 60924 60924 178103 97267 45155 24956 113506 119345 81604 144492 92068 134000 86199 106804 35996 16082 63953 42863 95515 177987 84416 103141 64329 88716 37681 58512 109606 43595 45005 116085 88876 133215 25124 14522 66310 86984 184517 45712 81267 133464 121825 37667 118089 93732 70978 122938 96152 53955 98729 167974 95128 110761 99654 103598 97043 51286 59576 28403 91804 16648 78827 155884 103354 37005 105599 104062 63705 86705 191347 121269 115332 111177 90387 170688 104839 172731 94451 94676 63442 102968 168391 159866 161414 59019 144795 86699 103884 73702 137294 48468 76430 155672 137936 148488 45131 49728 55336 57441 132924 136592 138919 113238 110733 112772 72420 39028 73298 28387 116671 65012 73874 182679 120083 176426 117713 118139 115694 143064 116492 167262 73013 47980 136892 96213 105476 114633 137454 63856 89215 48186 76503 187904 176414 101922 82844 89487 126786 120122 119553 97097 35341 75288 73415 80011 103952 65946 90591 124457 94364 109275 61297 44149 66215 62292 147219 79383 99466 165449 59699 100348 106840 120625 76504 92560 103398 69727 82198 70598 99102 58058 65104 104608 36206 134489 75028 170140 93414 100964 42448 116966 114717 23059 96125 52846 183985 29052 56628 122199 123278 131590 84167 60287 146008 103789 67738 74871 146276 102092 79609 93544 73450 67782 101573 191747 134685 135593 109408 103239 144785 62800 124759 48767 39859 67233 67064 96479 170361 38756 61692 54174 41570 136548 100212 100983 95501 113625 117545 128042 112169 30224 181255 35883 153166 26747 128793 86339 59134 25923 35671 114092 120343 75032 103802 87555 152507 121236 56514 124676 108046 137358 97586 127464 56688 180234 149162 75303 81854 91488 111357 148903 170395 59648 152066 117746 186087 77605 62758 14461 58679 88297 54369 115738 103073 104694 195261 103478 27675 157436 143975 81726 190622 74003 129479 97966 72553 44322 106254 36407 186978 61149 63949 121637 48775 109050 90934 90065 27943 56556 104215 146341 75301 75887 83048 183041 40904 80958 143519 133931 86161 41084 81644 126083 75200 95174 109303 150688 116146 142625 145917 13520 140096 33010 48163 95061 90614 99072 59351 88737 38578 75873 104098 140688 130379 125676 100242 39006 118922 11981 107477 158151 163089 153945 30087
687178 274153 527812 650248 620414 153529 994999 344878 130204 549932 654373 510732 502200 782986 966445 573611 643848 707353 764372 199652 138715 30181 97673 614531 853054 873050 693474 723948 371869 856901 652284 3446 913699 312386 582245 299473 717522 381669 177715 469903 401957 987654 932448 758773 922716 212779 844297 342594 861243 5311 889671 878076 504679 554156 111939 317458 652436 748207 569483 331530 897390 923101 915350 117426 350671 408013 566782 322096 371020 849811 631686 89632 282958 774233 145138 907278 914383 439623 377909 514212 945176 764945 482016 613159 577018 180153 756455 818079 512281 809639 144667 65778 146022 722305 683179 188220 956465 266353 766439 201453 532452 384262 645000 590816 270462 635117 452921 566165 271226 758799 814038 954602 798399 586949 430178 216539 179423 247036 452844 69624 972018 599950 384096 287438 445359 43812 334099 815244 669325 713148 419417 214987 707655 526876 973581 434539 43578 882321 264926 222031 214354 128299 350009 686631 851813 579364 757616 527912 338482 882658 108344 359886 906008 769859 375511 186160 957870 797033 838739 628013 317124 951586 968102 291734 59346 296556 357562 688550 518662 633723 603684 740477 368443 26996 994356 933011 467149 179782 403341 617566 700338 341077 353343 740217 636307 546014 682369 671625 286300 624864 412236 436753 513198 555395 29767 693061 649372 945289 596679 467011 13386 981748 359055 46410 130221 712394 427911 425166 338144 296022 677820 529655 257513 511338 525843 408257 149207 571744 231764 657600 622632 77808 149227 941324 297070 347536 300974 532162 109577 836814 150292 289294 259180 747928 312696 902364 259424 250787 654832 300255 576717 483486 317490 630331 536514 269921 983591 508062 730996 620445 630645 211803 575673 714181 284927 256760 506178 975135 199271 68921 305624 212607 881502 879519 720307 856201 701820 378191 391953 950394 995349 862430 316961 431086 280823 678019 734244 150428 940426 587201 916173 985092 746690 881936 446552 241923 22314 408122 854103 32007 54152 525138 869279 374119 315611 473819 522860 947095 878191 859969 104819 890912 678273 174319 187823 181310 381917 483612 549975 70965 234855 36405 738789 110022 539201 963405 352649 955240 224418 488653 40750 600685 293631 394452 491562 56818 610398 849635 766758 358749 897969 819889 560916 877937 49165 745337 806563 608759 320781 579641 999379 279498 79754 24005 85994 205852 137618 991570 377935 419930 934707 577208 701514 839367 377625 877075 709568 177511 513646 189067 878828 224851 674163 770432 532872 768869 896562 339328 321554 338713 741902 799152 691174 506781 721751 838107 193426 955364 880808 315597 685548 518200 592963 585581 199471 807516 764684 815756 893514 963758 358465 13651 564734 924489 603627 412196 511278 255611 190703 431995 172139 644004 677910 142706 998993 396200 695578 983632 548159 283001 706894 866738 731482 263090 267475 336958 238221 769352 336169 491769 15564 941911 947031 715367 429186 13453 999847 459818 964264 251302 723110 579477 406404 982854 853826 160636 900381 198169 226405 102971 522160 479998 801607 549354 533241 596998 350113 537113 606039 920816 868675 594342 478684 196651 981670 511819 618136 266888 527360 718934 631943 3316 188996 622422 30928 806797 14462 502098 254943 156675 199175 354127 589858 406759 620227 409792 429017 403397 910288 653684 479476 983847 232248 5303 903068 152372 746661 678517 265629 959667 210097 928190 361164 647933 61487 298107 950878 405513 429644 97308 647915 992594 640935 655600 142673 870434 745518 72086 470247 821119 979057 174259 331725 617088 624118 554052 858070 688232 647838 903202 333157 929298 6407 132007 84595 605547 751470 542132 868608 873654 91025 337822 30732 851720 400497 125255 205497 763244 431223 179816 818659 475798 202232 209648 66671 116899 828476 796241 154146 748302 70874 883436 623489 79292 597476 167580 536563 81407 116089 489467 857228 999570 208051 161070 934811 598472 733409 829820 570601 911341 741023 526807 9290 855407 684315 211152 605822 586926 29803 35284 587009 852760 967327 426202 8328 372582 562719 863689 241299 362177 298231 908413 166839 349926 49927 230269 441512 106 459579 558883 63019 654534 619008 40105 696071 175722 964746 843896 594072 974438 115054 946175 201572 457473 79662 510245 20173 544492 122467 164221 839173 843646 633810 204798 120020 212042 571389 186988 325895 15645 373990 204915 995022 662195 561277 994931 318158 59544 744086 256578 298195 85048 209104 12389 412614 649625 379224 477822 555726 211403 613002 45094 413639 958831 970425 537489 10622 185035 659202 380953 457388 899560 462594 306525 361902 22158 40982 743463 849206 909466 886710 34010 226887 617170 519586 712313 887363 265475 546649 987010 373428 477037 676367 316918 938159 162983 521999 243552 881590 656957 513565 567408 282248 752299 672280 299431 932345 661661 511195 704068 23399 976764 800230 307077 438938 39934 715298 20081 321378 822279 986521 953634 348819 436876 150521 148182 781757 363877 114120 921723 792535 685538 799374 979902 226695 972530 580832 451647 729974 243973 172778 650558 574260 573582 217569 265394 630452 15016 168062 346403 918997 866196 176552 972510 508747 820959 728484 525548 507347 766492 512726 430643 781711 374110 260651 754835 9269 816261 863698 288083 894050 422154 632267 683965 890961 286491 617790 976923 939231 620249 200487 661480 892013 367626 833299 943338 59087 263526 315811 352655 441218 41974 750714 724654 632689 335363 514506 507001 654595 81749 507802 561547 61773 666122 613893 359672 529360 728278 57659 716964 648587 866569 66911 220948 118101 917817 360237 904134 989035 431157 386919 726617 631537 593995 159781 466541 861651 221772 704945 196701 673461 509972 993284 990243 280782 955278 951395 249036 809674 731181 748749 392906 799746 823085 281126 573391 972003 264565 323244 801932 798196 305648 363747 78465 487191 936510 298132 623396 298432 44544 558976 62652 270835 437794 968388 995872 642932 108329 296662 369950 303266 897062 378874 708300 609631 288859 520635 162237 782721 881336 883840 545662 210444 625872 556012 745580 21644 679927 893057 716982 821477 288406 730451 542401 355868 988223 459749 97669 887421 13779 156196 556267 22130 80048 318351 738011 223649 294271 455004 392226 734670 222152 981128 679856 862424 342021 256708 285851 305777 482169 33369 704312 998257 690388 739470 969450 58214 196649 827061 662851 284044 555856 80356 889525 390567 765210 879145 331643 596276 497024 294249 331119 22260 717557 948161 444296 311891 991709 888547 396865 541163 876420 251185 109641 377052 214393 51972 900969 651333 395098 788419 582050 796845 605582 762574 703691 991182 188744 202818 944826 208955 689404 330511 210781 868689 33660 733499 935303 940998 556898 692500 465112 845886 559023 818762 423815 411828 697780 953077 409953 325752 876903 762669 357711 96082 14481 636994 89750 943588 459104 138692 213782 775093 798080 612938 150798 712987 240042 281979 854193
1000
11345 90003 6359 79331 14243 17784 7115 55400 90247 97728 40527 93933 12829 82005 92315 21985 2804 14134 20773 16326 32523 47608 45911 30193 14483 84593 51403 84730 9625 44129 24067 14741 31320 27985 74024 99580 12730 81171 27456 46650 75385 45846 23964 1289 19491 38366 6840 18871 25345 89555 89563 14299 3820 54536 78455 77668 37567 19171 45937 18249 44169 91677 71840 83118 8560 45854 21775 99946 23788 95346 62707 72539 1369 66096 53343 19106 44057 97576 4343 34197 22133 47586 26670 25414 58959 57247 18957 52766 83695 25840 7285 71560 70929 36913 928 90720 97251 78545 9798 86567 43167 34635 91762 11755 26478 62750 87805 55108 1501 11415 60343 66904 56974 79516 95743 32424 37089 6490 52691 83070 75444 19213 11057 21142 57517 77352 13402 51733 26683 49672 45770 5289 71243 4326 96606 39409 80127 46347 70054 4434 13337 21294 74432 74266 39238 64817 99492 69046 97498 94355 34890 46967 64035 34515 64128 32681 54345 61991 64775 51767 71920 86388 45884 27256 83623 88323 36141 14410 16703 58964 31534 42986 28136 15365 17206 41320 64412 65461 28276 18577 30874 24467 89742 76523 91075 75540 18673 47799 34459 22129 96792 17476 28551 75134 56902 76382 69466 6513 16826 56641 35551 32179 37988 57982 1835 65899 73331 61008 56081 25673 12998 50349 19493 61522 93269 57860 18346 75533 59126 7676 58295 18123 27778 42835 3166 71611 27735 47511 69781 71613 86901 11271 60018 76809 1392 19354 33797 40884 60975 34117 62249 73856 28189 9907 79197 54464 95265 83455 6534 79927 8242 47872 13919 45202 29553 39910 59900 48446 64940 57165 67790 33726 96295 74476 42515 62639 56575 19163 28183 64956 97879 63346 19127 73059 54407 8614 24296 56042 7295 87932 12041 70172 85200 69381 79971 13958 26815 77089 47225 7187 74713 88666 21866 42241 28187 69734 62403 23631 23253 42162 15416 33417 38239 3741 71064 70957 76093 27929 37128 78420 7019 66187 46908 86135 79576 61211 31379 52560 1684 52938 57440 58050 59315 18658 68005 95355 80105 51544 82657 78976 96653 73622 12137 32452 56550 75196 58025 93084 92265 37474 81183 10962 64658 92250 78149 54497 2499 3191 14557 14386 21746 57842 99921 7891 23699 17686 46504 25557 74689 92008 6200 14394 97939 90269 52020 64394 60689 63840 21981 13642 85999 23549 96031 74325 3519 3923 51184 18529 15862 62243 27647 36972 27853 8895 91933 67684 19902 53585 83568 64099 53420 42948 20445 51939 1729 17915 77378 14395 66527 64248 92383 91816 55648 54731 15893 19851 98567 84564 53056 66535 44612 8902 68355 21016 14651 32058 54046 16582 13695 18348 29699 57639 55527 54296 2712 27986 61147 34794 13106 53295 74024 19771 31363 116 87730 25895 64430 20929 78406 91183 98959 20149 16119 28128 79125 75774 97675 21190 81550 41342 51512 20230 61290 98424 96327 25975 67612 58044 95745 63807 92146 13639 57043 21036 28592 53310 13691 75465 26014 74890 1835 76105 68726 30182 35227 90015 91745 7310 11166 83144 12417 92623 20842 19546 30453 41495 55401 31726 569 808 30969 16851 96535 19483 87730 49789 44087 47533 76843 91142 78714 23543 9035 40145 2508 38346 15330 43382 79047 95308 14220 23113 69485 45839 99375 35632 95606 47489 61837 57351 84932 92855 63657 5179 16065 79641 650 41278 58159 31012 20603 75742 76453 60447 51619 17853 20413 15759 91222 57583 53516 26254 99402 4654 50963 15488 7854 31880 64964 37867 28688 3554 20958 33974 92010 94809 49741 17206 49652 71266 71393 33673 32397 37304 72905 96617 84325 11857 7141 49714 11499 48148 79739 27877 80350 21680 75449 63354 15530 65838 73343 67301 81977 10239 32886 9389 28322 91326 24755 89482 50195 39688 81679 21317 33941 22333 85396 69986 50991 48123 25812 19936 67030 40452 78361 80389 29410 3277 40826 69520 35176 74727 44822 83 26288 6871 93280 45683 35953 49536 80992 97074 21926 70939 22286 98391 82507 13605 92812 8766 88071 43757 52077 72268 35891 54115 79585 44614 89603 77169 63927 67114 52881 53072 27367 97236 79218 4371 16902 54906 45665 54757 90205 24672 59495 83934 90148 34839 81678 30906 76256 79259 1331 26312 0 41326 39191 77668 47922 85958 47912 48860 89447 18618 2068 51156 49524 23400 84357 46934 16102 83565 70159 65417 86198 50277 58949 67036 16913 81869 77709 95055 1489 1196 43491 34126 2536 12861 19059 43446 69796 81813 60915 47162 80109 10217 10688 69714 68868 51403 34532 96021 10118 62185 74996 79274 92524 42293 65550 87352 75541 68099 12954 74281 39650 89982 90656 16727 86059 12344 17774 89673 3970 40487 95607 31316 57593 83343 98367 73987 73798 72887 38652 63272 9456 68853 21365 15504 70926 16857 72531 27805 51642 68062 84380 53522 49478 48508 44778 22406 29865 88296 93454 39593 81474 52703 19960 72285 30110 32312 12958 51001 77320 24184 55834 89889 64300 82654 45210 27100 47860 48633 99431 62057 77636 25399 75526 88409 55435 90006 80278 87924 11918 62311 21748 8208 18363 26721 40445 56196 53549 66392 35756 72466 81069 59996 6566 99926 24644 94909 52606 18921 19316 70549 5939 60557 81170 76957 8863 82145 99097 87886 52715 75701 91834 87662 53615 27271 88193 39104 80807 44024 4456 30837 90459 15299 15286 34357 6293 80407 53083 5730 41681 48227 35128 64118 79251 21505 19932 54162 274 34628 17928 39239 7613 53865 17987 60871 64350 46445 91091 17920 18434 95846 37700 31649 13789 73365 69199 61477 9593 98184 18254 90047 2251 75543 66956 22976 20158 20111 96199 48975 50362 28919 13894 88856 27011 3710 67256 31191 72524 91815 46484 23939 91499 14751 6617 18598 22641 60197 48336 51084 58070 60387 15721 8098 50436 94737 13363 99156 55723 90426 84296 52116 52813 2711 60331 4370 6744 69471 44160 71897 4834 86730 32860 26019 76707 52029 22643 82641 69225 84367 98567 65510 62787 59074 92996 76740 22209 4562 648 88297 54552 40604 45880 29161 56414 2302 97677 16621 13080 4711 10181 24245 53095 70312 16615 69574 184 55122 18116 18927 28207 55832 841 46764 88406 13091 61259 87690 42042 34428 95077 15174 86165 71854 83550 75911 35431 83879 47084 47824 67230 80122 5031 37047 68489 97374 99478 3434 55737 28674 34238 8369 4777 46348 74118 72027 38924 19814
24026 153730 74505 109053 22104 101657 15497 57986 93770 99314 121493 146663 74915 139147 113500 58278 5521 99848 85129 92516 93823 59457 119184 90939 105585 125383 90479 162859 15553 60579 97676 17271 111026 103071 109261 189252 24983 89803 111206 146572 116861 97676 104552 57852 61225 42820 52751 94168 65120 100727 158176 51696 14718 135366 80342 99529 64021 24006 73271 74205 74196 140113 139793 110212 38590 87527 94318 122904 63880 149446 87953 156764 34838 68784 115228 25346 50233 133078 55959 91755 44786 64350 111204 39075 98420 82404 87590 129236 93964 96591 85518 92885 140383 123128 55114 186413 151513 104264 16000 142489 85463 70499 190292 59291 115404 146043 114301 122069 5060 88380 129747 87443 118812 82231 167706 98501 113278 82197 62804 162376 80413 84407 85626 26754 140664 148035 96032 128617 72149 90783 50621 31182 168355 41104 150822 43625 148172 105884 160522 78858 59246 27053 140710 149534 50828 135793 181696 134019 143885 127471 96397 83961 147655 87621 88222 71033 139585 138669 132284 149581 114109 168115 139694 81115 160865 133630 116507 30658 104972 149328 37059 68791 46269 37995 29136 78003 158838 76917 47563 28649 40802 62405 159274 108158 171148 131654 73333 77788 92892 75097 130203 88467 57574 153694 65974 121912 135748 71713 45068 104572 84411 49317 77488 76742 9193 140358 148950 62059 127897 57810 87671 59939 19776 119562 145013 115002 43582 127236 104941 25308 76181 48757 46386 112020 24984 117567 122985 117568 158696 76471 88885 48382 80597 93139 100066 77005 46295 86330 67139 109761 71883 107322 55085 35631 148446 65160 157289 114360 44980 84207 13549 100338 69720 135189 106651 70813 63671 119035 112336 65439 114346 111225 145965 111449 134897 77665 145623 49789 31686 136761 152656 64860 88270 172297 85310 47668 120120 60976 52134 139569 43101 160448 167170 85279 152879 59793 125682 114220 83549 96089 151734 137071 97353 128411 106485 113359 104031 95860 93495 103056 94327 131039 136860 55184 168365 99525 138387 94090 99054 136959 46560 80922 51325 133770 151286 104170 64529 77628 16437 54263 156907 143767 86806 63366 112878 127375 105240 79084 157119 135156 139630 154638 47558 73519 74168 121728 132239 93550 129273 116907 139506 74833 122781 134311 128391 147937 24220 58815 22284 104184 77972 92774 137671 39206 77841 108794 83753 85957 157930 116393 78704 103053 121878 132102 79767 115147 103062 148467 108723 18482 115473 103538 182512 89679 38059 76005 67950 100343 81888 89514 52031 118364 62071 8961 133601 129277 33335 110183 161340 160170 72627 51736 90975 127590 69309 116474 129683 101500 159471 162229 157574 117622 77282 73149 86121 95657 118723 135932 83767 91096 82470 55324 119176 105959 89273 118648 75251 113206 38044 42805 95316 137616 120636 141952 102458 32384 120994 125632 25069 131288 112821 90937 99112 73381 149419 101639 161065 25113 104392 147649 102314 87168 78118 88826 106208 161294 173356 54371 119338 53546 148575 90370 150400 101536 140193 50555 82281 62192 125672 105475 105258 92491 124106 91054 37747 54465 38103 171610 103214 82168 2653 156361 110395 62704 88526 188513 178796 46228 79461 111854 94248 134393 94149 37651 104138 100369 73518 130767 32787 91690 58562 56887 124178 100608 164890 65216 68616 113100 120049 118705 131018 56611 96126 121316 35708 117665 62707 90122 150386 193994 104855 90856 166483 75808 148506 72159 107048 72530 148582 64307 157244 185025 114071 13915 47575 93458 82119 55376 146170 88423 113610 87982 136298 71676 70338 77911 73809 89321 178159 75160 86563 56451 171493 96160 146596 19177 102332 39176 149869 59191 64644 57072 37124 94940 132176 186096 81629 84639 122805 148042 122970 42162 86763 112646 139075 106293 103074 83875 16459 100751 52037 92672 106793 112437 111958 42139 85001 107683 19294 99047 108480 120587 143081 49368 50679 44872 109749 105290 36945 122448 86139 134907 89527 23227 67803 110228 122014 83238 55422 51768 46408 96518 72176 103276 87591 101101 36432 30536 42833 131857 45416 160262 96205 8266 119930 53992 135866 136941 49717 105671 146256 144106 46258 99406 30212 144609 118195 77735 168412 23825 100465 54150 81741 90114 109147 65230 117486 92635 138665 143018 80412 156651 128456 98952 39385 191829 82703 27844 116007 142029 118424 136969 155148 109079 71606 116421 135204 68775 84008 33160 88846 173330 9562 114218 28994 78602 48372 82803 130445 176123 137013 57824 110654 38365 52958 87707 115102 56337 86813 52230 94391 125854 77396 82608 162887 77658 123368 69463 87916 156213 171609 138637 31264 81918 61238 92681 36174 74834 19375 141059 163124 95402 88757 131352 89756 23195 77275 139777 88561 70757 120530 174899 49501 149185 92766 82971 157768 63484 121090 148867 153410 70477 82122 81733 118323 107812 179100 89803 146282 94712 17914 124743 47519 106308 187063 54454 137247 86652 159024 112236 122254 78627 57943 90746 64927 144092 31284 71093 91409 67751 141428 40542 74144 80821 139488 116099 74902 80626 53250 71928 119886 165124 138248 105985 90556 142689 104687 128122 40177 90371 95648 122100 159283 60508 101637 180753 84401 100571 84402 86738 102851 61963 165374 131521 166365 79955 166441 91554 137387 144035 80717 158264 37101 72306 43140 13356 29801 94524 79039 83520 101253 81304 40355 121922 87199 124011 70170 157908 102254 159562 125616 71645 99685 91887 72810 150368 133036 77702 103683 90636 122104 93428 126098 129459 110457 93203 142014 100155 171852 123417 152485 127555 77192 115712 129905 111537 28661 48720 105612 158883 76981 87014 109612 109381 66592 107872 95955 37837 27598 83449 27814 113878 60213 83603 51697 91790 63656 147215 78342 47278 107648 65835 35581 180390 47232 51172 94890 100121 92711 103995 98810 119237 73971 115780 38861 103526 162196 55719 67485 85399 113198 123155 110459 89878 75246 157632 29168 57656 120965 76683 80768 159789 136314 114518 168151 47107 51281 56189 42950 111770 123485 124855 101045 129634 90507 26653 81579 183192 41331 151627 113631 141284 145556 137051 60623 68656 110211 96044 8327 100929 95764 146488 51106 102894 120131 117844 109384 77616 112248 93274 122793 98386 182613 100001 157049 154677 173934 95168 23878 45012 58614 100385 55010 43299 125992 98139 122888 79934 103598 49468 65617 74415 79372 37182 98011 152415 104421 168702 76474 145782 18746 37419 122169 83564 7942 126585 181508 102031 93761 137724 136048 38771 117945 100315 113194 135014 107916 166610 79418 152107 120335 130866 159362 102063 7159 59173 94110 182877 101145 83063 63225 98916 55622 93719 103187 68325 141517 100810 135151 50903
205314 616594 669668 372670 624035 802132 644261 911604 464846 567683 660857 264298 537870 286766 237331 699825 22685 771404 802280 394399 861103 444668 572510 886412 199419 319222 579854 704482 738250 441458 346651 908313 972757 145901 958793 349422 863444 852435 265138 957188 541253 416450 406885 150436 742704 125601 885463 343391 992502 917341 198202 693079 57998 983656 781987 533167 355704 150484 374305 759228 943992 312942 86572 445324 687250 691003 351655 563835 988117 861047 262118 556861 667045 495632 295682 30039 334258 326927 278640 928619 8149 908599 650917 470749 423780 500427 631934 786288 918954 799623 352517 25907 597021 732208 731417 498432 677294 740797 667681 407378 403842 509732 743086 542486 993433 342270 621419 302453 902053 519771 330960 753639 393939 417306 68505 965022 702637 576324 450493 10438 982962 828996 10747 2005 309773 926990 142729 493407 599916 416853 596358 769137 386195 909411 601353 933181 694218 535450 773642 622793 494550 549882 176402 571436 697452 55014 926104 451718 642064 237170 516317 9584 954522 176198 804741 558517 980776 455274 466275 18518 303823 567241 479353 601145 121088 591787 498846 660431 284713 146124 46974 310070 392820 635844 337609 73823 463819 208129 36546 287612 722654 77032 346669 735773 258367 944254 56115 369684 64434 79918 868437 448896 887677 455543 303546 399768 729367 374379 710397 384771 55537 565435 164762 718123 958887 145270 659073 58557 436270 796194 423843 222195 711784 603647 283229 241973 396228 605071 122423 187675 809915 65383 849342 555325 879796 927618 209431 510741 908322 532712 515205 400491 664315 346792 70666 448312 396904 991679 239120 200532 585439 954100 277799 485386 12496 71228 106487 597274 235455 982221 539873 131060 818904 981043 58676 398170 820328 802711 67793 22408 587338 9266 803068 438580 365751 561051 990872 464227 901674 577554 23254 192279 999999 66359 314226 301546 456517 194056 864805 656299 526833 531421 912190 26056 159413 779135 176988 434425 89168 501299 524083 13853 161889 890224 337716 390291 12669 439616 623977 579669 789835 546810 536976 648566 958980 326718 508293 266806 282028 571706 283195 905661 951857 232739 12390 340152 603333 160793 960972 82524 746502 107328 528920 857307 252281 510796 508693 472719 826645 565519 727076 864069 754157 221082 462616 830499 933868 94387 722295 64175 158551 690100 113344 655756 816840 282784 247915 228051 767914 332440 476539 158078 315141 99672 831856 572686 857921 646269 518323 880031 971790 697914 833120 552018 78617 617728 866984 335741 365199 482204 596858 482190 617966 640118 493884 935669 793482 979613 821133 152909 980751 709139 987231 247781 830714 733881 331590 359797 749204 725829 816888 684824 604077 937120 131476 862750 722251 51590 829185 68128 902786 590861 525375 334412 428487 776572 475992 673144 191313 798777 765072 290135 306910 453693 919765 8696 804334 498639 857578 344312 398163 45152 746642 479539 860306 453576 190259 98289 996848 166143 932683 693294 12599 430730 358961 277422 980595 765442 598963 692776 773298 184580 813092 913012 625767 15828 934050 561104 965375 571789 405850 702075 961632 494458 965624 260903 173439 314394 282519 956596 328105 664171 245355 814898 313918 153654 501065 949303 319640 960989 246214 709127 469783 219536 718698 63919 474552 665807 731617 100043 20758 292082 417047 935668 924927 297636 752927 527404 839420 16408 869850 545865 75627 729593 444328 789824 494174 712228 64338 830224 42224 587791 153033 867293 265952 906217 911512 705068 53375 31372 310475 416438 561116 994300 542341 119254 928176 270253 765017 57579 222103 973105 574110 910485 781703 12411 157250 944794 56679 204399 718374 312611 591891 636933 111862 699553 405530 643 45109 556308 60249 782388 203004 42434 656805 958330 681120 356562 396031 999890 362116 8770 261352 332731 659762 766761 737574 512718 487406 206974 531255 719125 156029 61431 913606 18757 372213 135804 21973 727383 98716 420571 316853 677174 663668 449381 452677 225189 649484 700772 277378 58118 235488 836637 361474 58809 111086 245288 580078 988661 119928 649714 29652 442169 959648 533505 811674 635306 444721 510958 232179 14536 652490 543559 380935 615907 303092 192770 198495 268119 927606 249707 668358 949429 371276 533124 485771 274894 902879 500173 903988 184453 28656 510952 597449 369069 577582 336349 397503 243852 674891 301573 284479 768409 180005 915710 978927 426337 869820 797976 592151 894701 766574 736261 470246 90253 615063 117180 317232 379739 105286 147546 490801 371482 12629 580567 256472 885226 888371 435524 922103 807435 608822 978152 902985 600363 539935 907899 666242 746183 831952 353977 854640 225713 22778 754133 182243 832379 630055 991222 789813 172734 852964 599569 800325 142709 43633 961416 203934 911032 499766 236365 1238 27657 686318 492865 992676 242664 412850 650794 625259 920224 868165 339424 866998 471429 719086 926931 598393 983341 285104 50511 764895 364907 870120 360383 628459 71293 459816 959968 345559 788271 760351 695029 564798 727594 524211 43804 148422 601274 417290 909429 200975 591096 554706 727692 817694 833196 538180 417307 117144 518685 282244 789154 836077 249814 450217 924777 5788 103922 778399 842612 983143 48077 319264 810431 584567 359496 453376 111232 76566 311318 71784 540465 307888 431050 584783 839627 929893 668037 301625 58572 861211 318974 536592 264735 692954 816627 920015 605632 735883 847883 901004 238325 197301 181825 824346 372687 691970 652082 559379 578298 78710 176972 964329 843363 939653 693756 255066 413385 208504 134127 883396 223058 548034 58629 172927 6195 548605 415131 830297 780146 118226 20424 200712 35948 797398 197755 706414 85518 384537 563600 251911 266947 663855 730595 835098 606629 387172 619984 107545 498478 260318 610862 997530 724520 314301 559083 784723 431546 744508 79442 786905 258885 187222 952461 755497 482604 228470 758701 290992 376078 435506 548264 488666 478786 87677 692085 478402 436405 850888 363737 880197 609035 26446 50324 402744 432920 299547 996948 410395 499542 935569 810565 2092 130948 269357 150737 997615 150076 121434 527759 725870 82882 863121 570433 186467 378023 415710 762649 407401 841015 100107 19349 196173 183970 250278 434464 678744 143956 158324 200943 526322 610254 874721 170257 860451 293837 14060 216204 923473 984563 819466 729049 120767 361224 312587 515740 830452 805540 797532 318483 24885 533686 592895 467548 390554 421289 542496 979574 831878 9125 354162 397862 105183 299959 536103 122273 203989 912936 466189 951225 119322 414279 793755 910801 550345 184262 683453 947557 571430 839763 950332 406118 867589 249991 841938 980498 671251 596103 185723 898786 348517 570861 943674 723959 243302 23861 668773 134018 610354 283010 451554 490331 833668 20565 148493 586818 366268 830288 156724 64000 264074 672762 787902 330601 280292 154557 145250 605265 539092 878254 731288 179391 13368 343297 300920 547698 910024 137905
1
1
1000000
212
