15
2 6 9 15
1 4 6 7 8 20
2 6 9 15
1 2 3 4 5 6 7 8 9 10 30 31
2 6 9 15
1 2 3 4 5 6 7 8 9 10 11 12 13 14 30 31
1 5 10 30
1 2 3 4 5 6 7 8 9 10 11 12 13 14 15 16
1 2 3 4
1 2 3 4 5 6 7 8 9 10 11 12 13 14 15 16
1 2 3 40
1 2 3 4 5 6 7 8 9 10 11 12 13 14 15 16
1 2 30 40
1 2 3 4 5 6 7 8 9 10 11 12 13 14 15 16
1 20 30 40
1 2 3 4 5 6 7 8 9 10 11 12 13 14 15 16
100 50 25 10
1
10 25 50 100
365
2 7 10 17
2 4 5 6 7 8 9 10 11 12 17 18 21 22 24 25 26 27 29 30 32 34 35 36 39 40 41 42 43 45 46 47 48 49 50 51 52 53 54 56 57 58 59 60 63 64 68 70 75 78 79 80 81 82 84 85 86 87 88 89 90 91 92 93 96 99 100 101 102 103 106 107 108 114 115 116 117 120 121 122 123 124 125 126 127 128 129 131 132 135 136 140 141 142 143 144 145 146 147 148 151 153 155 156 161 162 163 165 166 167 169 170 171 172 175 176 177 178 179 180 181 182 183 184 185 186 187 189 190 191 192 195 196 197 198 199 201 204 206 208 209 211 212 213 214 216 219 220 221 222 223 224 225 226 228 229 230 233 234 235 236 237 238 239 241 246 247 249 252 253 254 255 256 258 259 264 265 266 267 268 269 271 272 273 274 275 276 277 278 279 281 282 283 284 285 287 289 291 292 294 295 297 298 300 301 302 303 305 306 307 308 309 310 312 313 314 316 317 319 320 321 323 326 328 329 330 331 332 333 335 336 338 339 340 344 345 346 347 348 349 350 351 353 355 357 358 359 361 362 363
4 8 12 16
2 4 5 7 8 10 11 13 16 18 21 22 24 25 27 28 30 31 34 36 37 39 41 43 45 47 49 50 52 54 55 58 60 62 63 65 66 68 70 73 74 76 78 80 81 84 85 87 88 89 90 91 92 93 95 96 97 98 100 101 102 103 104 106 108 110 111 114 115 116 117 118 120 123 125 126 128 129 130 132 135 137 138 140 142 143 145 146 147 148 149 150 151 152 154 155 157 160 161 162 163 165 168 169 170 171 172 174 176 179 181 183 184 186 188 189 191 192 193 195 198 199 200 202 205 207 208 209 210 211 213 214 216 218 220 222 224 225 227 229 230 232 233 234 235 236 239 240 242 243 246 247 248 250 251 253 254 256 258 259 261 263 264 265 266 268 269 270 272 274 276 278 280 281 282 283 284 286 289 291 293 295 297 298 300 301 303 306 309 310 312 315 317 320 322 324 326 330 332 335 338 339 341 343 346 349 352 355 357 360 362 365
5 10 12 15
1 2 3 4 5 6 7 8 9 10 11 12 13 14 15 16 17 18 19 20 21 22 23 24 25 26 27 28 29 30 31 32 33 34 35 36 37 38 39 40 41 42 43 44 45 46 47 48 49 50 51 52 53 54 55 56 57 58 59 60 61 62 63 64 65 66 67 68 69 70 71 72 73 74 75 76 77 78 79 80 81 82 83 84 85 86 87 88 89 90 91 92 93 94 95 96 97 98 99 100 101 102 103 104 105 106 107 108 109 110 111 112 113 114 115 116 117 118 119 120 121 122 123 124 125 126 127 128 129 130 131 132 133 134 135 136 137 138 139 140 141 142 143 144 145 146 147 148 149 150 151 152 153 154 155 156 157 158 159 160 161 162 163 164 165 166 167 168 169 170 171 172 173 174 175 176 177 178 179 180 181 182 183 184 185 186 187 188 189 190 191 192 193 194 195 196 197 198 199 200 201 202 203 204 205 206 207 208 209 210 211 212 213 214 215 216 217 218 219 220 221 222 223 224 225 226 227 228 229 230 231 232 233 234 235 236 237 238 239 240 241 242 243 244 245 246 247 248 249 250 251 252 253 254 255 256 257 258 259 260 261 262 263 264 265 266 267 268 269 270 271 272 273 274 275 276 277 278 279 280 281 282 283 284 285 286 287 288 289 290 291 292 293 294 295 296 297 298 299 300 301 302 303 304 305 306 307 308 309 310 311 312 313 314 315 316 317 318 319 320 321 322 323 324 325 326 327 328 329 330 331 332 333 334 335 336 337 338 339 340
2 8 32 64
2 4 5 7 9 11 14 16 18 21 23 25 28 30 33 36 38 41 44 46 49 52 55 57 59 62 64 66 69 72 74 76 78 81 83 85 88 90 92 95 97 99 102 104 106 108 111 113 116 118 120 123 126 129 132 135 138 141 144 147 150 153 156 158 161 164 167 170 173 176 179 182 185 188 191 194 197 200 203 206 209 212 215 218 221 224 227 230 233 236 239 242 245 248 251 254 257 260 263 266
4 10 20 35
1 2 3 4 5 6 7 8 9 10 11 12 13 14 15 16 17 18 19 20 21 22 23 24 25 26 27 28 29 30 31 32 33 34 35 36 37 38 39 40 41 42 43 44 45 46 47 48 49 50 51 52 53 54 55 56 57 58 59 60 61 62 63 64 65 66 67 68 69 70 71 72 73 74 75 76 77 78 79 80 81 82 83 84 85 86 87 88 89 90 91 92 93 94 95 96 97 98 99 100 101 102 103 104 105 106 107 108 109 110 111 112 113 114 115 116 117 118 119 120 121 122 123 124 125 126 127 128 129 130 131 132 133 134 135 136 137 138 139 140 141 142 143 144 145 146 147 148 149 150 151 152 153 154 155 156 157 158 159 160 161 162 163 164 165 166 167 168 169 170 171 172 173 174 175 176 177 178 179 180 181 182 183 184 185 186 187 188 189 190 191 192 193 194 195 196 197 198 199 200 201 202 203 204 205 206 207 208 209 210 211 212 213 214 215 216 217 218 219 220 221 222 223 224 225 226 227 228 229 230 231 232 233 234 235 236 237 238 239 240 241 242 243 244 245 246 247 248 249 250 251 252 253 254 255 256 257 258 259 260 261 262 263 264 265 266 267 268 269 270 271 272 273 274 275 276 277 278 279 280 281 282 283 284 285 286 287 288 289 290 291 292 293 294 295 296 297 298 299 300 301 302 303 304 305 306 307 308 309 310 311 312 313 314 315 316 317 318 319 320 321 322 323 324 325 326 327 328 329 330 331 332 333 334 335 336 337 338 339 340 341 342 343 344 345 346 347 348 349 350 351 352 353 354 355 356 357 358 359 360 361 362 363 364 365
