10
4
0 1 0 -1
1 0 1 -1
0 1 0 -1
-1 -1 1 0
5
-1 1 0 0 0
1 1 1 0 -1
-1 -1 -1 0 1
0 0 -1 1 1
0 -1 -1 1 1
4
0 1 1 1
1 0 1 1
1 1 0 1
1 1 1 1
5
0 1 -1 -1 1
1 0 1 -1 -1
-1 1 0 1 -1
-1 -1 1 0 1
1 -1 -1 1 0
6
0 1 -1 -1 1 -1
1 0 1 -1 -1 1
-1 1 0 1 -1 -1
-1 -1 1 0 1 1
1 -1 -1 1 0 1
1 -1 1 -1 -1 0
4
0 1 -1 -1
-1 0 -1 1
1 -1 0 -1
-1 -1 1 0
8
1 1 0 0 1 -1 -1 1
0 1 1 0 -1 -1 0 0
-1 1 1 1 0 0 0 1
1 1 1 1 1 0 0 0
-1 -1 -1 -1 -1 0 0 0
0 0 0 0 0 -1 -1 -1
0 0 0 0 0 1 1 1
-1 1 0 -1 1 0 -1 1
9
0 1 -1 -1 -1 -1 -1 -1 -1
1 0 1 -1 -1 -1 -1 -1 -1 
-1 1 0 1 -1 -1 -1 -1 -1
-1 -1 0 1 -1 -1 -1 -1 -1
-1 -1 -1 1 0 1 -1 -1 -1 
-1 -1 -1 -1 1 1 -1 -1 -1 
-1 -1 -1 -1 -1 0 1 -1 -1 
-1 -1 -1 -1 -1 -1 1 1 -1 
-1 -1 -1 -1 -1 -1 1 0 1 
10
1 1 0 0 1 -1 -1 1 -1 0
0 1 1 0 -1 -1 0 0 1 -1
-1 1 1 1 0 0 0 1 -1 -1
1 1 1 1 1 0 0 0 0 0
-1 -1 -1 -1 -1 0 0 0 0 0
0 0 0 0 0 -1 -1 -1 -1 -1
0 0 0 0 0 1 1 1 1 1
-1 1 0 -1 1 0 -1 1 0 -1
1 -1 0 1 -1 0 1 -1 0 1
0 1 -1 0 1 -1 0 1 -1 0
10
0 1 -1 -1 -1 -1 -1 -1 -1 1
1 0 1 -1 -1 -1 -1 -1 -1 -1 
-1 1 0 1 -1 -1 -1 -1 -1 -1
-1 -1 1 0 1 -1 -1 -1 -1 -1
-1 -1 -1 1 0 1 -1 -1 -1 -1 
-1 -1 -1 -1 1 0 1 -1 -1 -1 
-1 -1 -1 -1 -1 1 0 1 -1 -1 
-1 -1 -1 -1 -1 -1 1 0 1 -1 
-1 -1 -1 -1 -1 -1 -1 1 0 1 
1 -1 -1 -1 -1 -1 -1 -1 1 0
