10
3 3
1 3 1
1 5 1
4 2 1
2 3
1 2 3
4 5 6
10 10
12 7 19 3 14 8 1 17 10 6
2 15 9 20 13 11 5 4 18 16
8 6 14 1 7 12 19 3 10 20
11 5 17 9 4 16 2 13 18 15
3 18 6 10 20 7 14 1 11 9
15 12 4 8 19 5 16 20 2 13
7 3 11 6 9 1 18 15 14 4
10 14 2 17 13 20 8 5 16 7
19 1 15 12 3 9 6 11 20 18
5 16 13 4 8 7 10 2 14 19
10 10
4 17 9 2 11 20 6 13 15 7
3 14 5 8 12 1 19 10 16 18
6 7 20 13 4 11 3 17 2 15
8 12 19 14 1 9 5 16 10 18
11 3 15 6 7 20 2 8 14 13
17 5 10 1 16 18 12 4 9 19
13 6 2 15 11 7 18 3 20 8
19 10 14 9 5 13 1 12 6 4
7 8 16 3 20 15 19 11 17 2
15 1 18 4 10 6 14 7 13 9
10 10
18 3 11 7 20 14 2 9 6 15
4 13 8 1 19 10 17 5 12 16
6 20 15 9 2 7 14 11 3 18
12 5 1 16 8 13 19 4 17 10
7 14 3 18 11 6 20 15 2 9
10 8 16 4 17 19 12 1 5 13
15 2 9 13 3 18 7 20 14 6
11 19 5 10 1 16 8 12 17 4
9 6 20 14 7 15 13 3 18 2
3 17 12 8 10 5 19 6 1 7
10 10
5 14 8 2 17 9 12 3 19 10  
7 20 6 11 15 1 18 4 13 16  
10 3 19 7 14 6 2 9 20 11  
16 8 4 13 1 15 5 12 17 3  
9 18 11 6 20 7 14 2 16 10  
4 12 1 19 13 8 3 17 5 15  
14 7 20 10 6 16 9 11 1 18  
3 15 2 17 5 13 8 20 12 4  
18 9 13 1 10 4 16 7 15 2  
11 5 17 14 3 12 20 6 8 19
1 1
1
100 100
16 92 88 51 3 63 9 7 50 87 59 5 14 20 66 65 7 66 49 26 67 23 71 25 36 93 26 68 86 23 55 32 71 77 4 89 54 63 98 13 20 98 97 76 10 51 5 91 48 15 52 72 20 82 40 70 13 61 24 8 17 39 69 23 81 54 25 76 29 95 85 15 56 58 79 97 37 86 22 38 68 92 59 69 49 44 93 48 26 65 75 98 81 2 91 19 26 82 72 42
55 5 48 74 65 56 18 36 87 96 43 42 7 11 13 62 10 64 91 47 97 73 53 87 47 54 71 48 23 74 14 89 55 3 69 71 73 21 48 33 78 37 31 1 28 3 12 84 84 40 72 30 100 36 61 47 96 83 78 85 3 82 81 83 19 83 88 70 2 69 49 54 26 24 57 99 2 19 29 64 70 46 31 11 56 50 63 26 12 7 86 87 3 10 2 71 6 65 3 14
73 69 82 53 64 30 98 60 16 54 60 49 97 86 20 67 44 32 37 39 6 85 78 60 94 58 60 18 73 58 77 42 35 40 66 80 65 10 55 17 8 1 2 65 59 77 75 62 47 35 62 72 55 54 87 43 23 82 89 77 21 57 83 37 21 75 61 94 4 49 4 19 31 27 51 89 85 45 70 12 17 75 14 21 76 90 48 22 93 84 77 75 75 58 66 90 26 79 96 15
38 35 62 48 35 73 22 54 21 67 96 59 66 93 6 47 18 94 84 67 54 28 8 35 83 2 37 97 9 49 4 94 13 57 86 77 78 85 6 80 48 13 58 81 84 36 36 66 85 1 17 96 31 75 21 11 41 40 81 76 24 60 96 11 100 33 95 42 60 58 40 23 15 38 10 23 79 66 74 52 75 20 99 60 66 54 98 55 46 26 3 12 74 92 49 96 47 52 13 38
88 23 4 55 10 78 1 52 43 90 62 78 56 91 70 59 98 44 77 10 71 36 93 26 92 72 29 77 62 52 44 52 54 38 50 69 42 82 55 41 48 23 47 69 56 74 45 77 54 92 86 26 64 9 11 67 39 46 30 50 23 17 65 7 52 24 50 4 56 69 73 72 54 67 39 93 86 57 20 46 76 53 7 95 78 13 5 35 38 73 45 79 9 1 48 40 8 10 68 99
72 6 61 70 61 18 86 64 81 98 6 31 67 50 62 23 17 39 52 19 29 48 57 16 55 76 10 99 46 11 62 75 51 12 83 57 67 5 86 84 73 76 88 46 63 67 27 20 17 19 22 69 42 45 57 48 38 6 76 73 65 34 7 33 77 92 37 37 62 39 11 94 83 89 11 92 35 64 64 11 43 65 66 93 7 86 91 69 79 44 84 37 60 98 45 85 77 85 57 98
47 5 69 64 42 54 84 14 5 10 86 83 14 40 35 70 81 42 21 77 80 60 100 33 46 92 58 6 53 48 44 46 73 62 78 2 36 51 18 95 100 53 45 45 61 49 15 96 1 48 25 99 78 83 68 62 26 47 69 13 53 63 13 61 7 82 79 88 75 81 81 66 21 10 41 23 92 55 97 54 63 49 11 31 29 80 79 16 76 39 65 71 52 61 74 78 27 5 58 30
88 50 85 42 42 74 61 74 4 23 62 8 28 76 62 17 14 53 68 27 49 18 48 13 70 81 37 93 34 22 10 56 41 85 94 88 32 61 40 25 100 85 1 20 49 32 2 42 72 59 34 39 17 54 7 3 9 49 31 96 96 83 14 15 83 65 56 3 6 70 46 44 44 36 49 96 26 22 91 56 57 66 88 9 28 22 18 9 15 82 67 25 15 29 39 17 19 85 62 35
91 73 95 25 40 48 57 51 86 91 43 21 18 18 24 36 92 96 71 4 69 17 5 48 17 55 79 93 96 41 32 20 33 28 87 5 23 13 76 9 82 99 67 78 9 40 14 7 92 78 16 2 99 68 65 72 69 84 3 74 32 41 21 38 9 22 65 8 97 12 73 16 31 14 38 53 20 59 30 71 16 54 37 2 18 6 51 70 22 83 38 6 54 43 54 11 85 30 6 8
77 4 76 87 59 34 87 71 34 52 90 44 23 62 55 74 89 60 2 39 73 93 75 82 71 13 84 5 82 7 30 18 69 48 31 74 84 30 23 6 11 19 29 32 22 3 50 57 9 50 70 86 63 85 99 2 67 11 77 74 77 4 37 10 68 41 99 60 22 20 71 56 89 87 95 77 87 62 8 90 30 43 27 25 89 46 46 56 24 6 20 21 24 3 71 55 87 86 66 77
11 62 46 33 26 24 71 40 89 59 100 63 89 28 85 16 45 83 79 37 60 9 54 87 2 83 5 83 8 86 85 52 71 74 40 90 48 98 21 92 59 29 78 99 79 26 54 21 94 63 100 71 6 33 32 59 89 11 50 81 54 61 42 74 77 80 43 70 35 40 61 49 72 24 2 52 31 15 17 79 51 62 76 81 95 82 7 13 59 53 100 6 94 89 44 87 66 82 89 70
30 53 54 12 55 34 85 40 31 90 35 19 8 54 95 68 85 60 34 75 4 14 84 25 65 74 34 12 67 54 17 47 68 28 34 51 28 48 72 95 57 39 69 89 70 18 50 21 2 6 11 5 83 5 60 79 28 38 33 89 55 61 72 32 32 94 50 98 58 19 36 44 45 47 39 13 23 68 38 54 11 61 30 15 94 29 25 81 38 40 3 43 25 7 16 85 42 95 36 78
48 77 6 9 72 29 98 69 26 15 100 63 8 44 68 5 73 96 49 20 50 14 37 85 3 5 76 60 52 84 11 55 46 48 10 37 75 85 33 1 27 48 66 9 43 74 91 21 13 62 40 15 42 43 76 22 71 71 11 4 93 50 97 7 80 10 57 56 86 75 96 44 5 39 44 32 63 97 90 49 18 93 30 70 66 43 45 10 21 44 1 82 20 64 68 30 19 65 30 46
98 29 54 88 36 81 20 83 80 53 36 26 69 56 87 69 25 89 22 14 35 35 74 21 1 54 17 59 60 46 15 49 48 74 69 51 85 44 94 82 69 58 70 74 27 31 50 93 74 50 26 10 91 92 37 81 23 5 57 20 32 40 47 95 38 89 95 92 23 57 30 6 85 19 7 66 53 51 93 60 44 61 32 96 86 100 57 56 21 77 37 6 38 43 85 53 69 87 12 38
65 15 39 95 9 65 68 13 57 65 12 87 94 11 11 43 98 2 43 92 39 61 94 74 15 32 13 15 2 17 74 44 41 15 85 88 17 14 46 76 70 31 34 86 89 66 97 59 57 37 70 37 8 47 19 74 12 71 62 92 52 93 90 71 87 13 16 82 74 53 83 5 42 25 57 77 96 7 71 85 55 20 21 9 58 23 57 95 10 33 62 46 99 54 23 94 57 3 17 20
56 56 80 99 64 84 11 29 14 96 85 13 73 32 57 98 46 4 27 43 49 58 13 45 24 39 17 32 71 32 95 93 93 11 33 97 17 66 41 26 25 76 92 31 35 40 4 84 15 72 65 42 93 25 88 38 76 92 55 9 77 26 79 81 36 90 90 85 45 45 28 58 66 77 19 89 84 44 77 87 77 57 1 54 15 54 53 58 57 95 30 28 42 52 54 10 56 29 36 42
51 22 13 35 35 68 54 98 92 50 22 36 18 30 51 36 4 34 22 53 40 19 50 83 72 100 17 39 64 42 98 95 22 61 72 31 11 20 59 43 85 59 82 68 30 32 40 10 5 74 24 38 1 7 69 89 53 91 56 63 51 57 83 10 73 60 93 45 11 98 12 31 98 94 90 48 72 16 46 63 76 81 11 73 90 76 31 36 13 9 56 54 59 74 36 5 26 34 93 98
62 79 73 57 53 40 91 20 47 27 74 76 73 58 73 65 12 50 57 74 19 59 30 19 81 54 21 86 100 34 51 43 2 96 71 1 65 19 80 74 12 97 52 73 62 36 96 98 45 11 40 16 91 52 74 83 73 31 33 10 42 81 74 8 8 2 21 45 69 81 73 46 11 69 48 92 54 21 30 87 77 81 77 73 43 10 47 99 4 45 28 73 66 35 83 62 46 64 65 15
74 30 1 40 29 44 23 89 64 72 90 53 70 28 18 6 51 2 80 81 21 3 86 23 34 82 20 6 44 82 33 54 46 62 24 74 76 58 96 63 96 5 84 30 46 93 48 12 44 97 100 68 50 68 92 97 48 48 91 88 99 27 37 13 7 43 78 50 97 79 45 5 58 17 56 90 5 46 84 25 19 55 93 4 9 69 43 84 76 39 25 42 96 14 82 69 64 100 42 57
96 30 22 73 90 38 66 97 57 66 7 52 84 24 79 49 57 35 88 11 97 3 62 58 64 87 12 72 68 40 31 86 2 37 7 93 28 7 85 88 93 46 11 29 25 85 20 15 63 58 80 59 77 22 62 70 49 44 68 12 88 2 11 82 48 5 75 82 92 78 22 72 66 22 83 98 98 98 51 21 97 79 61 95 65 26 44 69 18 75 83 14 19 19 48 13 74 12 89 3
89 41 74 62 10 29 5 19 41 96 35 83 55 97 75 43 14 29 49 51 79 28 93 53 6 20 73 68 65 39 29 33 57 76 96 23 74 78 79 97 21 84 42 20 1 9 96 62 32 96 25 76 40 5 81 3 2 48 71 80 6 13 32 69 18 30 5 59 90 66 83 40 99 78 55 89 36 66 92 66 53 33 38 62 78 77 39 4 48 5 8 71 64 82 64 50 67 20 3 7
56 99 47 42 18 58 6 47 92 64 3 58 35 98 11 98 41 27 59 53 72 21 66 27 93 16 19 9 80 55 23 70 55 52 54 87 25 56 21 31 56 51 56 94 83 41 84 90 80 18 48 27 23 54 16 89 71 26 37 47 52 95 10 69 89 48 69 79 9 58 11 70 10 65 94 69 97 72 3 20 90 82 67 26 21 6 8 83 52 17 54 32 57 19 14 23 44 61 91 4
67 44 72 20 1 97 34 32 43 43 30 43 95 41 97 39 39 70 90 61 51 61 68 27 29 33 16 50 79 47 31 5 99 40 16 23 40 71 55 22 54 70 79 97 43 49 31 41 6 3 53 75 52 90 40 37 78 95 81 96 39 97 14 93 20 3 28 90 15 61 6 29 49 66 81 49 34 58 82 11 37 14 97 73 37 27 12 87 21 67 26 87 92 20 6 74 6 30 45 14
42 26 35 86 83 9 67 57 71 7 32 73 83 93 22 25 46 30 56 20 44 88 26 11 94 46 67 11 57 88 64 1 30 66 52 79 21 28 84 61 35 49 89 71 16 53 53 63 56 68 41 21 88 82 31 17 77 55 28 100 91 75 70 28 78 17 13 82 31 21 27 1 88 81 82 57 29 97 76 58 93 17 34 72 58 79 24 45 63 33 96 79 56 2 92 35 94 53 26 24
14 90 6 57 95 22 75 12 64 19 7 18 59 86 18 22 58 72 87 80 1 51 75 59 80 100 84 26 40 28 85 76 43 9 27 13 79 98 6 92 71 21 92 3 93 63 40 89 52 86 6 29 30 71 26 80 28 53 34 8 1 35 31 61 44 11 11 49 95 63 50 91 82 59 14 82 49 90 82 86 50 89 91 23 70 74 40 94 100 58 86 51 80 90 35 92 88 100 22 56
30 40 14 42 17 16 46 96 8 64 53 69 18 12 31 49 32 18 41 66 45 5 5 68 17 47 5 38 17 97 39 79 30 88 48 31 15 91 13 61 6 54 17 15 9 1 63 100 62 11 15 14 2 86 52 30 34 33 19 9 91 97 33 80 53 96 86 43 83 27 88 84 95 58 37 19 31 99 72 55 95 26 61 58 69 28 91 98 6 6 90 66 59 62 85 29 38 98 11 30
79 52 8 18 21 69 41 21 25 40 18 80 54 20 69 4 91 53 18 81 53 45 40 65 58 32 21 21 16 17 45 3 18 49 20 27 33 76 25 55 81 82 84 59 54 98 21 51 79 57 21 23 64 58 17 14 38 71 75 17 25 31 64 56 92 56 47 85 18 91 72 27 70 57 50 47 49 85 21 21 52 21 55 11 34 19 25 64 6 21 72 8 70 68 37 6 36 79 78 1
51 93 96 9 3 45 93 43 87 38 47 17 100 41 53 8 42 31 83 18 100 100 46 7 95 18 93 59 97 45 94 61 86 3 16 72 20 78 8 2 5 70 25 2 81 89 51 19 40 9 7 73 88 13 69 65 81 81 10 13 44 68 3 4 55 84 51 29 98 66 65 57 40 7 36 8 32 96 47 66 77 93 24 79 91 90 22 9 78 30 27 67 94 44 14 17 5 61 41 14
87 51 73 71 65 70 42 65 14 55 83 4 37 83 100 30 27 50 74 12 52 8 90 70 68 75 26 56 56 75 93 81 69 80 90 23 56 74 35 58 75 61 46 56 18 2 2 71 89 93 96 80 60 39 11 91 67 10 48 97 78 50 54 31 44 7 37 3 79 65 22 11 48 62 2 66 17 77 78 44 38 12 1 71 54 75 62 8 81 20 42 3 3 98 5 59 42 23 57 43
4 70 17 89 60 48 52 90 56 57 73 43 29 32 3 31 6 63 87 31 12 90 91 24 53 37 83 29 56 5 82 73 40 76 80 32 79 55 8 5 25 45 54 3 59 77 3 66 57 35 44 44 34 39 90 19 3 43 27 78 2 93 35 97 5 39 61 11 77 99 4 38 52 57 74 17 35 53 3 28 94 27 71 76 66 70 69 2 56 23 50 38 5 92 55 92 7 12 78 8
23 34 25 31 94 15 55 69 78 70 41 31 52 21 71 90 81 34 31 13 56 12 35 86 12 99 47 46 63 97 26 25 100 35 60 23 62 49 96 99 43 75 55 95 39 10 32 8 32 31 22 18 17 98 55 21 23 52 52 2 35 28 96 13 47 5 85 62 64 41 5 89 65 18 67 8 86 96 66 50 8 27 24 28 80 71 20 63 51 12 52 40 91 76 35 30 21 10 69 34
71 82 63 77 35 44 98 19 23 100 71 5 12 1 75 48 99 93 48 76 13 59 91 82 1 77 17 20 95 35 2 29 17 57 100 94 94 2 1 53 84 12 24 26 64 15 9 46 41 2 63 23 33 24 22 17 40 87 51 22 71 67 54 21 15 61 12 26 61 89 28 51 24 50 96 46 32 10 24 55 25 32 13 36 83 34 89 55 35 63 2 100 20 4 52 79 2 29 86 2
76 11 10 37 81 60 88 24 84 22 78 90 76 62 17 20 41 96 18 6 25 66 52 99 53 87 89 3 12 2 68 9 73 74 76 9 41 27 2 11 70 37 5 97 7 88 40 76 75 93 47 83 48 93 68 28 8 59 51 79 66 9 38 25 83 96 84 52 49 22 27 49 21 51 60 28 28 27 83 51 53 14 72 31 56 30 13 64 70 47 76 70 92 81 26 84 49 48 87 83
25 66 52 85 85 72 83 31 76 33 10 15 85 3 22 79 56 32 67 86 10 68 31 18 76 86 39 66 80 18 17 13 24 25 12 17 74 38 95 77 72 52 89 57 71 41 60 18 68 29 83 29 51 67 23 84 22 91 25 4 22 1 97 39 5 26 48 63 46 62 19 8 5 93 67 16 100 38 6 5 15 55 63 65 64 70 22 8 55 44 54 27 53 11 82 59 37 97 100 54
12 5 15 5 39 24 65 26 48 70 86 90 41 2 62 14 80 69 23 87 34 91 29 20 10 19 12 16 19 39 18 52 59 69 56 87 43 1 99 95 22 24 7 73 43 100 13 69 32 30 26 93 4 9 15 11 33 23 11 59 38 14 6 98 8 16 17 34 50 11 26 100 16 78 56 77 37 24 81 57 24 26 35 99 56 65 5 86 41 31 86 37 40 67 85 74 93 17 94 30
38 50 17 18 98 1 25 56 49 21 40 18 21 94 97 46 33 7 94 24 28 80 74 14 29 61 83 4 63 22 48 42 39 18 49 72 17 79 58 17 24 67 77 11 63 18 54 22 38 69 98 62 85 69 97 8 2 52 52 67 13 53 70 9 69 45 31 9 43 69 29 82 66 43 17 49 12 39 22 76 89 13 81 79 49 31 54 59 88 76 4 46 37 26 78 69 86 39 47 97
25 75 38 58 3 46 77 50 13 83 99 47 80 87 15 14 78 17 29 20 33 71 79 93 5 95 33 6 72 58 29 52 77 47 38 44 73 13 42 23 91 27 94 29 83 10 65 98 42 8 30 70 97 13 33 24 72 24 81 19 41 11 52 87 84 12 82 61 39 79 69 71 62 72 83 53 62 85 96 21 52 63 49 56 81 89 57 38 4 84 24 21 70 80 55 89 44 22 97 1
26 54 14 26 77 60 91 94 20 35 10 17 8 73 49 60 76 86 10 60 29 69 10 62 55 68 90 19 24 33 88 8 87 32 84 100 90 100 96 11 68 62 99 78 66 58 80 89 41 10 91 13 22 43 54 72 98 74 89 33 46 4 56 79 88 17 16 71 46 31 60 1 23 37 35 89 42 75 10 91 3 28 24 7 5 14 79 37 6 91 62 37 99 27 52 96 22 79 76 90
2 100 82 88 22 5 73 95 29 63 89 92 84 35 75 63 78 24 84 96 33 29 21 60 70 77 49 76 52 35 89 5 64 77 85 29 68 29 89 85 51 1 37 69 49 44 93 51 71 73 39 58 29 64 20 55 10 89 40 50 66 53 94 28 56 78 16 51 5 42 38 5 30 4 54 34 85 8 73 64 25 63 100 56 25 12 32 22 15 57 68 66 74 80 14 7 12 33 76 8
6 40 34 98 88 31 61 54 100 58 45 10 95 71 55 14 42 26 43 61 37 65 68 19 15 98 66 37 90 62 82 68 95 92 63 63 68 28 53 88 51 75 94 30 78 38 91 45 19 21 73 45 20 38 47 100 99 6 85 93 15 87 40 20 92 71 16 47 80 90 96 57 92 76 92 44 70 96 87 73 76 23 22 19 61 15 80 81 69 23 77 81 48 60 54 11 84 22 45 54
78 51 33 31 51 36 70 16 42 12 31 82 88 41 42 29 93 53 36 12 89 14 93 23 72 28 59 5 17 43 51 82 54 100 20 47 32 30 7 53 46 55 65 86 2 66 31 71 98 55 27 50 60 54 40 64 13 9 71 63 16 99 87 89 61 16 92 50 40 96 40 19 41 96 52 24 59 93 59 61 39 19 81 18 53 97 99 99 79 5 73 60 32 55 98 80 64 36 47 54
32 35 9 82 52 25 70 89 60 75 8 42 25 19 45 74 78 90 84 36 30 32 17 15 9 42 74 17 9 43 59 42 92 20 20 82 44 98 28 64 42 90 49 7 89 99 2 22 71 96 16 70 65 77 55 49 78 36 38 58 23 78 14 71 33 45 34 23 29 6 11 6 87 44 35 46 7 8 31 38 4 54 25 96 40 85 96 74 82 77 53 20 37 83 70 21 23 86 85 97
96 74 48 34 57 90 20 24 26 46 70 21 26 53 83 35 11 65 87 98 15 97 55 67 30 62 49 55 36 100 17 21 59 76 2 56 45 82 11 81 27 43 24 72 30 44 48 94 100 19 16 64 91 87 12 21 7 71 44 17 25 36 50 10 44 85 95 11 63 45 36 56 13 62 84 2 33 64 48 46 86 7 44 5 45 83 8 2 95 35 58 37 28 83 69 72 87 42 42 48
47 75 38 40 14 22 81 51 96 92 80 36 21 25 61 32 48 70 54 86 62 81 65 81 89 32 42 22 66 49 27 17 88 61 100 44 26 52 55 51 61 32 42 13 72 13 66 39 50 29 17 100 70 9 97 15 12 73 55 32 55 94 91 93 89 35 89 9 69 67 58 98 12 12 77 86 87 90 73 45 54 87 82 27 46 76 58 91 36 9 83 93 1 92 53 24 51 46 30 23
75 71 76 55 68 20 60 5 89 13 40 44 8 12 34 48 78 12 56 68 34 98 73 15 28 58 50 1 76 55 97 75 95 81 83 86 90 54 94 68 89 54 28 99 27 19 69 3 40 62 69 49 42 24 65 43 71 3 10 57 99 65 39 29 37 83 7 1 26 4 38 52 29 14 77 43 32 5 26 81 39 44 30 51 9 86 30 1 22 51 39 87 49 62 24 25 24 2 39 44
68 58 64 70 50 55 16 20 28 16 44 28 86 44 40 89 72 16 32 60 17 89 45 97 27 93 10 1 83 11 49 85 47 29 30 52 80 54 89 41 91 27 50 89 97 26 3 1 56 21 23 34 32 31 75 74 16 65 43 48 49 53 41 59 42 9 83 49 56 90 17 68 93 56 64 69 14 74 90 79 2 52 53 98 20 23 88 83 11 68 77 83 6 94 23 11 18 55 87 69
57 50 70 27 42 99 34 19 53 56 23 41 17 94 14 30 61 52 47 93 77 19 18 45 45 98 12 79 92 87 78 31 80 64 81 37 56 92 94 52 75 10 91 21 50 85 4 83 37 2 34 18 33 43 1 28 48 33 50 96 21 20 37 43 26 58 71 77 54 97 51 77 87 62 82 82 92 58 13 76 46 16 99 92 56 66 79 24 2 93 63 16 12 20 95 16 16 43 6 63
80 10 89 65 63 64 48 60 4 6 44 14 20 98 21 68 14 41 51 3 30 51 27 71 65 83 60 87 36 19 79 60 42 3 4 33 92 56 92 27 65 79 50 35 89 28 7 34 25 96 2 9 55 39 72 48 34 40 70 81 100 9 14 21 86 79 65 60 49 57 76 82 50 96 96 71 52 11 5 68 36 8 78 89 80 43 4 89 15 85 68 91 46 18 96 39 90 62 95 22
96 82 64 71 31 91 56 50 85 47 53 2 33 100 84 41 5 38 58 23 61 34 9 82 45 13 31 36 80 5 82 57 3 75 79 21 100 79 22 11 70 23 42 24 73 65 98 87 58 30 67 20 19 99 83 28 52 34 19 72 81 30 11 50 97 77 89 10 25 48 44 46 47 40 10 1 38 16 25 78 55 43 66 66 94 97 69 60 65 26 66 78 80 85 23 48 30 16 25 58
20 77 100 75 95 50 62 19 21 60 65 17 88 11 12 65 36 81 13 56 18 94 11 19 26 32 98 94 84 19 11 39 50 78 82 34 36 35 12 64 30 93 7 6 33 13 37 73 56 88 31 40 1 93 86 72 46 58 67 96 90 50 30 26 57 63 9 94 62 97 51 11 23 25 53 25 86 17 22 48 64 27 35 19 99 27 89 43 91 12 41 7 73 79 9 56 8 35 73 11
91 77 40 52 62 33 65 33 22 65 93 25 28 79 84 36 58 88 97 96 7 62 73 43 30 65 32 17 71 10 99 86 44 7 28 39 98 26 33 87 84 65 50 26 68 25 67 53 76 13 93 15 26 87 40 20 26 78 74 68 21 54 36 68 53 74 96 59 76 52 73 99 87 27 12 82 67 9 99 57 22 66 22 86 89 82 53 13 14 28 67 78 58 51 73 64 84 20 22 28
70 17 49 7 62 9 94 91 9 7 51 88 77 44 71 13 91 100 90 47 87 39 85 91 66 100 79 89 97 59 79 15 36 32 18 76 6 94 5 92 44 40 6 4 97 14 77 42 45 8 54 9 48 30 53 18 82 26 67 34 20 23 49 88 97 91 1 24 76 94 74 71 73 1 30 51 10 68 53 30 86 75 59 86 7 38 91 53 1 27 82 58 57 34 69 87 49 69 80 71
93 76 97 90 65 9 78 79 27 7 50 24 81 84 35 25 7 47 66 13 1 39 23 6 16 100 96 20 95 40 19 15 83 12 14 37 94 89 23 68 90 49 30 74 81 66 65 24 70 60 87 2 93 27 73 57 59 33 2 85 100 32 8 32 33 56 4 6 3 78 4 85 30 61 80 64 84 64 43 42 68 85 13 4 97 7 72 90 88 93 91 18 72 98 40 98 75 48 14 1
91 55 7 68 66 18 34 73 38 15 56 38 25 50 91 1 44 84 3 75 42 65 45 64 73 14 100 45 2 39 8 63 26 92 67 30 18 84 36 61 52 64 95 34 35 41 18 7 1 20 9 100 32 47 87 73 50 2 92 32 99 42 37 23 86 39 94 90 50 23 14 77 47 1 86 100 13 68 26 39 23 28 31 6 92 76 80 26 87 83 81 45 3 10 42 82 21 26 26 30
35 30 91 91 21 17 52 71 66 51 96 7 25 87 73 62 56 68 38 76 97 44 66 24 91 36 78 13 41 94 8 78 47 89 14 60 48 96 94 79 92 39 94 29 90 87 96 55 67 95 78 24 19 41 78 13 89 82 62 89 29 47 91 12 77 54 6 5 93 21 100 22 3 45 31 71 88 93 25 12 2 75 78 18 56 20 98 32 5 28 48 35 80 34 64 91 78 63 53 25
61 15 82 46 71 10 54 14 29 40 98 41 28 94 79 68 31 69 5 82 93 52 27 10 65 57 2 16 24 63 3 33 63 98 28 59 1 98 54 44 42 49 24 2 79 52 98 99 69 87 45 66 36 27 50 7 20 92 47 4 12 73 1 9 15 75 94 73 32 1 4 68 72 72 77 99 62 33 71 21 4 86 32 40 56 54 78 82 55 53 7 2 68 68 44 91 52 44 5 59
54 87 23 55 6 52 7 1 87 2 24 27 10 15 65 90 51 6 57 8 99 68 87 10 96 81 60 80 77 39 93 40 62 58 58 100 28 25 87 84 18 22 63 11 60 3 73 31 55 12 16 52 57 80 40 47 39 41 13 79 28 83 57 5 24 42 100 19 89 30 68 100 52 1 96 21 8 39 92 30 19 53 91 79 3 85 43 25 77 30 38 47 76 79 41 39 80 6 20 59
12 53 79 72 26 65 71 26 94 69 55 61 29 92 77 80 91 79 100 56 36 66 91 88 40 20 48 94 68 97 29 43 18 97 33 14 44 50 48 16 79 16 18 74 35 25 100 26 95 43 73 88 36 7 32 58 35 23 72 72 66 4 67 34 75 73 76 69 32 23 89 22 100 32 2 99 13 56 17 45 70 45 28 56 53 90 31 100 41 93 57 38 69 48 14 25 72 13 42 85
16 28 80 65 53 72 69 73 51 2 38 26 43 71 20 68 13 86 1 5 98 7 79 59 87 97 26 57 26 19 52 5 24 58 71 26 100 89 12 83 60 16 81 45 24 79 87 8 8 81 45 94 23 28 55 65 63 2 97 58 2 27 23 88 22 46 45 44 2 60 82 49 4 41 41 24 48 80 84 67 36 88 48 29 59 35 81 38 26 66 49 10 66 98 11 47 60 91 9 37
73 37 33 18 70 86 90 2 32 40 35 2 70 76 73 47 39 91 85 24 62 30 38 38 64 37 75 28 55 99 17 52 68 13 88 94 44 27 6 44 71 15 6 17 49 31 97 20 87 25 13 70 12 87 96 26 16 36 65 94 94 55 9 31 82 28 42 84 24 34 14 64 47 99 12 68 91 38 65 38 32 43 39 89 93 24 90 60 48 40 40 50 66 20 80 14 90 92 82 76
58 24 69 85 65 9 41 93 39 86 70 21 57 66 95 43 47 81 10 90 41 40 8 85 9 47 72 60 1 26 27 38 3 37 50 9 24 90 9 72 27 6 60 51 66 89 34 60 14 47 80 25 4 88 87 39 98 33 96 90 36 46 8 41 6 36 85 28 98 40 37 6 68 25 67 34 79 69 12 71 31 66 95 44 79 44 1 99 41 82 69 63 45 53 59 14 23 36 2 48
53 69 52 24 74 52 64 79 53 35 96 69 52 86 84 43 68 38 88 19 12 6 89 71 27 61 37 14 44 52 2 40 85 77 15 15 96 81 44 17 23 23 97 1 97 12 96 92 75 66 46 62 7 43 22 62 98 45 73 31 61 82 58 26 81 60 77 80 91 29 26 26 78 40 31 79 25 7 10 36 94 7 94 66 17 4 23 86 66 13 39 7 51 3 43 74 12 38 49 22
12 93 87 94 49 45 2 16 31 94 75 1 1 61 64 46 37 40 79 68 42 8 47 92 84 98 71 31 42 12 10 43 29 30 16 8 32 68 10 91 71 6 70 40 83 22 15 2 93 42 77 3 68 25 69 16 61 13 82 73 70 41 36 82 63 68 97 55 34 36 83 36 6 44 92 1 89 69 74 74 98 58 97 83 80 67 81 91 74 27 32 88 88 51 46 69 60 36 8 62
38 42 41 46 80 66 64 11 6 80 99 2 27 39 28 36 86 14 38 31 88 57 24 75 78 60 85 4 79 26 62 56 2 30 73 21 10 4 79 96 58 78 72 24 25 12 14 5 72 23 68 10 58 84 52 72 15 36 24 67 7 72 53 44 78 100 51 26 17 3 54 22 36 94 10 96 34 71 22 42 40 50 96 32 57 7 80 14 13 74 86 49 3 59 40 28 52 51 62 78
69 83 22 60 42 66 7 31 47 100 32 30 57 2 84 32 41 14 38 4 88 6 5 7 66 59 56 34 21 41 64 60 54 28 42 74 74 50 2 74 89 21 60 30 45 5 9 99 30 90 48 24 40 23 94 43 21 82 33 77 82 67 75 59 80 3 37 43 18 64 62 90 17 58 94 54 83 10 55 32 23 40 74 57 75 39 56 17 41 67 61 40 54 85 76 27 96 91 53 94
80 58 4 87 53 38 69 62 41 8 36 8 32 42 92 43 37 61 4 71 85 85 68 86 23 38 50 68 40 59 49 74 35 2 29 59 38 9 58 80 37 87 41 90 40 21 95 58 73 2 20 91 68 71 23 96 9 23 36 55 10 44 7 39 99 7 92 52 5 85 88 53 18 99 8 42 86 55 15 15 23 7 29 85 48 86 72 22 63 73 17 62 67 69 69 66 39 65 89 63
93 19 83 14 69 61 14 90 80 100 70 92 32 7 1 90 46 98 89 75 87 71 25 31 52 83 1 100 89 17 72 54 65 94 36 80 44 79 5 87 34 38 42 91 89 100 81 5 85 89 56 35 78 83 77 55 37 26 76 14 7 46 90 97 72 50 100 75 24 96 33 22 22 60 74 7 90 59 38 45 61 87 73 82 95 21 31 97 97 12 87 4 49 93 53 47 25 21 2 80
98 66 36 39 69 63 96 38 25 54 46 25 27 29 86 62 57 32 74 21 7 53 87 2 70 100 24 29 1 13 93 98 69 51 26 89 56 79 73 11 96 14 84 62 17 38 40 64 62 100 27 59 65 89 46 19 49 77 30 63 76 94 11 57 91 47 16 7 62 25 79 36 48 5 65 12 85 33 65 34 32 92 82 97 42 58 44 7 42 95 7 2 71 20 78 30 21 31 64 7
16 79 97 83 40 31 86 22 67 64 77 8 81 14 55 87 52 81 74 54 56 1 59 8 38 73 12 81 2 33 45 13 90 87 44 85 27 70 8 13 80 68 12 72 8 97 77 85 49 81 87 99 50 66 55 39 61 38 79 41 72 39 45 7 4 82 20 70 81 24 59 86 33 50 77 48 23 10 96 17 54 18 50 68 63 43 37 71 86 96 51 97 98 8 84 2 64 42 80 7
19 99 58 55 72 96 37 99 86 93 17 59 99 54 34 46 61 69 65 43 74 43 8 22 25 29 63 43 22 62 38 92 75 14 70 100 43 100 14 67 78 23 54 58 100 45 24 64 17 76 78 24 80 38 50 20 68 86 35 36 60 59 86 48 86 26 83 50 86 27 22 34 97 93 20 63 57 50 58 17 10 34 88 6 58 71 43 93 13 63 97 91 100 98 47 49 4 87 10 92
52 93 21 1 74 32 31 92 75 75 88 1 49 22 93 26 90 61 85 46 50 63 19 4 41 40 49 82 35 23 17 99 42 73 97 2 24 32 43 17 13 35 66 84 28 17 15 6 40 73 3 1 33 58 81 52 19 27 23 16 3 40 76 85 75 35 70 38 9 14 8 78 54 45 57 92 98 10 68 25 29 68 66 51 58 67 54 23 91 72 26 15 37 54 41 91 81 98 21 34
36 14 59 21 5 28 77 27 71 53 47 12 48 68 31 26 72 46 86 59 46 98 94 55 87 42 49 88 13 13 49 27 78 93 19 57 22 64 49 8 43 22 42 64 77 56 12 95 8 17 31 40 41 80 16 87 60 28 54 11 95 75 55 71 14 74 35 55 53 46 99 36 47 12 78 89 46 94 69 83 37 19 94 76 58 26 28 10 83 81 71 11 82 49 41 76 2 99 34 50
12 72 59 84 28 51 82 80 10 69 31 24 53 73 98 37 95 80 44 75 94 51 59 41 55 36 45 66 76 22 10 84 81 60 10 14 44 47 72 1 56 64 36 26 79 90 84 1 71 43 1 16 54 19 22 59 39 50 98 60 57 15 32 67 26 87 39 17 93 51 68 12 29 52 100 75 2 88 30 32 63 32 36 99 83 80 35 62 39 29 100 88 9 4 76 64 50 51 31 80
62 53 40 9 89 17 9 51 27 43 1 76 67 50 83 2 29 46 100 41 13 65 28 19 99 34 84 7 64 63 77 74 2 94 64 98 88 1 38 80 58 62 14 87 84 94 98 19 49 76 19 60 58 66 66 26 98 50 50 38 85 60 12 72 33 15 20 83 75 72 96 100 9 83 40 79 26 76 11 88 31 32 100 68 31 35 63 65 95 12 27 62 56 42 75 91 67 19 100 86
22 22 90 64 36 97 22 2 57 76 94 43 23 58 82 25 87 80 8 91 48 29 60 46 99 41 100 53 59 65 54 96 85 83 20 59 88 95 23 37 49 23 68 96 5 83 89 62 48 47 43 85 49 20 47 20 84 5 25 81 82 87 50 30 75 78 99 54 99 46 94 28 69 90 23 32 72 53 7 59 93 77 87 19 20 1 18 24 29 16 28 10 30 33 67 33 66 87 93 70
85 92 75 24 89 26 66 47 48 87 87 54 74 90 94 39 32 96 49 66 18 28 90 32 45 35 8 95 26 45 91 79 83 72 13 64 22 5 99 96 27 54 70 74 60 89 36 74 52 72 96 10 56 28 83 58 63 100 43 93 66 62 96 26 6 72 6 66 80 3 16 70 33 78 43 91 1 1 4 71 10 1 47 90 35 31 79 13 94 28 69 63 23 66 47 75 25 96 82 61
63 1 29 3 12 69 14 1 21 27 42 54 94 46 11 45 38 91 91 46 20 52 5 91 62 78 56 79 76 67 86 41 63 9 13 98 40 77 15 35 33 28 2 7 70 70 29 84 56 38 30 76 25 11 4 34 5 3 84 84 91 51 6 29 8 20 88 80 70 74 30 87 83 34 23 88 29 77 99 75 39 46 94 56 42 34 94 61 87 52 26 41 60 2 21 87 15 86 11 77
85 56 47 71 14 74 37 58 51 67 45 53 68 22 81 62 31 65 41 27 33 89 34 63 6 39 68 35 77 21 3 17 94 72 35 3 58 38 3 45 7 26 92 60 52 16 24 11 77 1 44 62 61 99 59 88 98 42 39 3 76 23 100 66 44 83 48 6 55 55 55 26 70 36 81 9 53 64 55 100 20 59 42 89 16 83 20 82 80 77 6 7 15 32 24 70 54 38 49 44
90 7 93 36 69 10 98 69 31 53 88 72 4 71 63 75 18 83 93 61 28 47 60 50 80 2 87 42 86 80 67 74 63 54 77 4 50 54 37 80 19 6 35 10 51 100 80 92 45 22 35 32 35 59 92 42 24 4 9 62 25 77 72 33 79 99 69 13 78 54 80 89 20 98 40 48 66 81 10 15 33 77 21 73 16 29 79 56 80 54 74 3 98 75 77 39 68 69 79 83
51 87 8 13 27 98 42 13 58 91 19 39 12 75 20 23 38 1 12 2 92 63 97 88 13 77 66 26 19 19 50 79 47 52 33 26 76 30 61 92 96 39 73 24 51 10 77 9 84 99 40 22 78 15 32 68 16 52 47 99 53 71 66 50 95 39 57 74 16 60 12 24 79 82 92 66 46 94 42 91 25 99 41 22 17 65 89 21 86 61 29 13 13 68 76 84 65 10 60 9
5 18 39 11 44 73 47 85 15 23 7 31 39 26 20 18 53 73 86 84 47 11 24 85 81 56 56 96 94 11 99 55 35 28 78 64 84 22 75 48 37 72 75 98 31 80 25 13 39 47 24 7 4 38 76 20 15 98 85 34 25 8 53 92 82 78 45 64 7 92 14 13 95 20 53 80 99 84 100 94 88 26 86 28 7 12 11 71 23 97 54 16 81 48 74 73 71 9 45 57
4 14 73 98 65 90 72 38 14 57 53 62 67 79 59 79 40 62 16 16 47 65 93 89 56 45 72 57 83 26 11 67 57 32 18 71 14 24 27 77 24 11 51 77 99 34 89 10 37 37 42 70 85 98 29 14 36 93 28 76 73 38 67 37 59 67 91 74 30 74 48 40 91 79 43 38 6 24 48 49 16 80 30 12 31 85 69 72 46 100 21 19 16 25 12 97 68 12 45 62
78 27 92 32 43 59 5 78 63 71 38 74 44 37 64 43 40 46 98 4 16 47 91 47 84 25 31 50 83 48 15 77 77 47 58 68 59 89 12 93 87 82 15 20 26 86 49 67 21 82 18 66 76 78 24 28 43 47 36 94 43 87 1 39 4 47 36 42 78 46 36 92 46 78 36 4 18 89 13 99 52 65 98 15 78 11 55 2 71 13 27 56 57 39 90 62 25 83 72 27
26 71 63 69 93 48 38 83 66 75 33 91 25 42 56 21 40 70 8 70 12 19 73 63 48 4 90 5 47 76 58 96 79 13 41 5 30 20 30 28 67 45 90 97 7 71 66 95 14 50 50 1 45 28 32 32 35 87 99 33 98 57 56 66 40 8 53 95 90 67 25 26 61 98 47 46 36 72 87 56 83 100 79 75 85 79 83 81 31 47 92 17 30 38 36 77 50 73 11 94
46 33 84 16 42 90 46 54 37 20 19 10 76 38 26 42 99 33 88 77 70 57 38 50 49 4 48 80 15 33 80 96 51 82 91 31 97 10 43 51 60 45 84 63 20 81 98 15 64 31 80 96 58 100 41 90 69 39 13 67 72 68 18 30 94 80 58 88 67 90 53 41 53 68 30 52 3 15 28 73 29 84 76 16 48 86 100 33 90 66 40 13 61 84 56 92 88 92 38 81
42 29 34 83 46 59 65 8 71 70 64 10 22 92 9 32 39 94 4 100 4 22 72 50 38 18 86 85 78 8 88 17 66 51 85 95 72 18 7 38 49 40 75 89 66 78 97 98 7 37 45 63 22 49 51 63 9 54 88 3 79 100 32 62 82 84 75 85 9 86 72 37 84 15 86 33 29 54 23 91 52 60 58 84 27 19 14 12 79 77 72 28 32 93 65 28 91 66 97 11
43 76 72 18 15 43 37 37 100 11 51 4 74 50 85 87 58 74 8 81 44 45 53 53 95 71 79 66 43 72 40 62 63 30 51 76 67 16 67 6 82 29 62 59 77 85 68 48 9 3 37 48 89 87 44 37 47 1 8 5 49 73 100 58 75 4 37 71 73 80 18 19 15 25 13 49 89 97 59 18 58 32 25 81 29 25 80 72 28 84 8 95 22 10 99 90 47 75 26 36
14 72 77 12 28 7 30 5 21 66 67 65 27 45 13 62 58 27 60 94 99 35 49 93 35 4 44 71 70 73 83 15 95 82 27 96 9 70 13 84 33 35 13 43 52 34 76 35 36 76 23 98 22 81 47 62 15 85 99 17 54 41 79 18 34 37 36 92 2 6 76 87 45 57 31 84 94 64 67 74 95 70 43 94 79 93 5 1 54 44 91 59 43 16 39 9 84 14 61 92
29 48 11 100 57 57 75 21 68 70 82 84 71 48 46 81 99 28 98 98 46 13 38 66 58 38 30 12 78 74 88 50 43 28 69 56 98 28 62 27 89 79 56 19 61 35 63 46 22 17 60 6 52 75 98 9 60 81 59 50 97 23 82 92 95 72 79 30 8 48 36 90 63 55 80 34 5 17 94 88 84 59 19 49 91 88 49 38 44 14 12 1 68 3 81 56 33 11 78 55
36 18 60 98 81 66 45 53 95 39 12 73 29 51 41 52 46 40 90 88 56 83 2 84 79 95 95 52 29 19 78 56 63 36 27 67 52 86 8 65 2 30 77 3 41 37 3 88 11 34 71 15 33 16 53 67 26 60 46 50 19 80 48 25 58 84 5 80 57 9 87 52 39 51 85 22 5 88 97 60 47 87 42 46 70 60 7 5 85 3 24 96 84 77 33 6 49 47 98 56
29 97 78 30 42 67 42 33 93 1 51 7 78 64 34 64 13 36 50 93 1 50 73 45 41 5 82 10 30 56 36 44 56 52 100 23 74 47 56 60 76 28 79 27 95 28 57 17 72 24 73 58 13 67 95 26 71 8 16 61 79 55 93 44 6 7 58 61 59 86 59 9 56 25 55 32 2 26 31 41 66 69 49 64 95 93 90 28 63 48 14 56 15 93 25 48 90 53 44 99
39 58 56 81 27 29 13 28 79 88 40 26 89 15 39 46 30 1 9 17 89 91 21 58 72 40 33 10 31 78 48 68 58 83 92 90 63 64 72 15 63 60 2 90 98 63 23 72 97 86 43 66 1 22 91 15 100 32 59 42 77 40 3 45 66 29 52 11 24 61 84 21 72 60 81 90 34 53 57 26 100 71 25 26 52 83 43 94 90 36 92 27 22 63 57 49 53 38 81 64
94 15 9 46 34 54 7 51 62 72 51 18 5 50 70 6 47 39 51 51 25 44 16 69 66 58 60 63 5 70 27 6 43 59 11 51 57 61 32 22 36 91 76 19 14 44 31 93 14 68 55 24 58 87 72 61 92 66 86 85 88 77 17 58 6 65 91 51 13 88 7 59 92 14 95 18 58 88 83 83 2 69 99 41 10 84 46 74 69 30 75 94 52 5 52 58 100 74 25 52
54 79 84 32 65 71 17 9 15 43 32 46 3 10 89 70 98 1 86 81 82 89 1 51 68 15 26 32 57 44 48 97 48 98 42 53 28 18 78 2 61 32 46 16 2 85 85 78 84 49 43 99 85 1 65 20 79 32 73 97 80 30 48 49 47 32 43 35 62 74 49 50 30 1 19 100 46 9 10 23 53 99 34 57 82 86 13 13 87 19 40 87 36 81 90 93 70 21 7 71
45 79 63 19 17 3 49 18 46 25 86 74 13 26 31 91 29 99 80 66 59 73 80 98 60 74 70 63 18 15 14 46 68 75 72 64 93 12 52 65 96 51 98 44 20 74 80 63 64 21 56 33 57 53 79 69 94 56 83 97 15 52 33 60 80 14 30 42 52 58 91 97 24 39 80 64 29 49 36 5 62 85 83 9 97 25 93 79 44 30 29 14 67 61 74 92 50 93 93 47
78 87 37 46 63 64 25 67 72 37 33 85 11 16 67 75 33 37 30 71 67 51 31 17 56 96 64 76 62 11 56 67 43 47 54 55 47 43 24 9 56 48 67 6 19 5 27 74 59 16 35 5 83 54 89 22 47 87 51 10 30 50 3 73 25 3 5 46 38 69 30 5 90 79 20 19 41 4 59 3 46 95 21 32 8 6 51 12 32 21 33 86 39 85 91 21 51 66 86 98
72 76 38 99 38 8 93 72 34 45 33 40 96 58 11 95 12 84 14 13 88 50 6 50 13 17 55 96 69 61 87 71 28 32 3 50 91 14 72 76 37 86 6 89 27 15 6 49 12 72 51 100 72 14 45 76 6 30 38 61 41 7 74 34 32 48 74 55 72 15 22 98 72 83 70 47 76 99 87 20 73 94 54 21 27 1 5 80 17 74 45 52 65 34 98 33 76 21 57 80
56 41 95 84 76 83 17 11 35 93 34 71 48 60 13 55 26 27 50 48 34 73 28 79 17 15 26 78 66 96 2 34 29 17 78 99 55 44 31 92 8 75 71 10 41 49 14 89 34 37 3 90 97 57 87 65 22 27 7 52 95 56 12 56 56 91 51 95 58 84 12 64 90 94 36 9 85 2 64 17 94 38 24 27 96 24 3 5 48 38 47 54 41 37 84 31 88 70 82 11
89 49 11 37 76 67 83 57 58 56 39 75 44 53 15 91 78 17 93 48 25 21 23 58 92 64 68 32 83 86 36 84 30 8 6 53 94 2 97 34 18 94 60 89 52 1 46 63 98 35 90 9 94 83 16 1 89 20 54 83 61 94 24 99 97 74 88 9 61 50 43 13 58 20 90 55 82 99 4 23 78 67 50 4 68 33 69 97 1 31 85 53 76 84 59 53 19 49 83 4
66 73 37 83 99 59 61 43 81 97 76 36 5 47 81 7 36 66 69 73 26 81 94 70 22 28 50 54 42 97 96 9 75 49 41 1 94 91 21 25 92 28 49 54 42 39 99 36 77 69 60 33 7 53 63 62 51 41 17 35 56 34 75 64 65 89 88 63 67 94 9 25 94 91 37 54 72 46 10 61 7 67 72 43 87 93 14 21 34 80 31 1 55 55 9 6 82 90 21 10
100 100
74 75 22 86 53 87 13 61 7 58 59 45 92 70 28 1 91 54 98 97 46 55 82 9 70 24 16 30 47 44 52 39 22 93 49 79 64 24 64 72 20 32 77 47 44 60 32 99 57 31 80 73 1 14 12 21 19 29 90 33 26 10 28 49 63 15 62 72 23 51 97 34 31 9 56 9 82 8 49 55 23 86 94 61 38 69 38 51 94 18 33 80 2 23 73 84 53 24 67 93
42 85 24 52 90 66 58 94 49 21 86 90 44 32 55 36 30 12 89 44 84 84 34 99 1 63 5 97 94 78 1 57 83 61 87 73 54 72 17 55 10 19 24 65 69 72 37 76 10 75 20 42 94 4 83 53 30 31 26 60 45 99 92 56 82 43 62 55 9 23 96 78 69 99 37 99 79 95 41 64 4 58 38 63 80 86 42 89 8 19 42 100 68 75 37 67 92 55 96 48
21 8 79 42 31 30 32 13 34 98 87 3 84 79 42 96 8 49 45 19 37 24 24 52 92 97 10 84 53 48 61 12 3 1 81 16 66 65 10 1 53 31 34 69 57 43 100 28 41 23 21 24 87 70 78 39 4 15 89 80 87 84 44 51 20 71 84 74 19 91 60 20 21 65 22 80 64 44 44 97 50 76 45 78 8 68 54 81 67 21 16 92 17 45 50 77 6 22 100 31
32 88 74 10 15 89 37 92 20 88 88 63 44 65 12 6 70 96 70 28 61 57 74 28 11 72 40 99 14 58 57 13 94 28 82 41 61 32 11 23 66 41 77 8 38 15 38 57 27 98 62 10 51 50 94 3 54 23 87 32 89 75 12 47 21 90 24 78 7 7 33 1 53 1 58 67 32 16 79 14 4 20 68 24 75 66 87 98 40 64 60 39 65 67 85 76 51 100 34 76
37 81 97 32 48 1 76 71 24 57 86 16 12 63 24 40 63 97 96 45 93 74 35 90 89 75 26 1 75 1 58 99 89 70 66 1 68 28 95 25 46 69 77 15 84 59 95 28 78 64 79 37 11 84 25 50 65 45 96 42 86 44 93 67 16 61 70 91 35 72 42 9 22 9 36 52 41 84 28 20 84 55 14 60 37 39 41 94 33 17 82 37 54 7 53 17 65 57 20 32
61 3 83 2 53 58 38 61 77 78 25 88 34 81 31 55 51 83 76 43 62 44 34 51 27 36 57 6 76 47 52 73 50 67 15 32 31 46 97 99 77 7 51 49 89 58 66 2 93 68 13 27 74 25 26 18 60 12 47 22 17 100 95 77 38 8 90 52 71 10 42 96 51 41 58 1 61 14 40 29 4 94 58 71 90 75 42 10 61 42 23 35 32 89 66 44 41 21 58 39
71 63 17 36 1 57 38 74 75 26 69 46 100 67 99 10 9 8 89 23 70 80 13 58 27 32 85 60 45 21 42 20 100 2 2 58 7 69 2 18 64 75 89 5 62 88 91 25 96 58 34 96 61 67 61 49 67 68 22 64 8 43 31 21 6 29 65 86 39 86 80 1 84 26 18 84 58 58 64 7 15 13 65 51 62 97 41 24 11 45 60 51 94 68 3 43 52 9 37 80
100 87 50 47 59 44 30 99 89 23 56 43 69 79 79 59 15 14 98 3 59 47 92 90 32 69 70 63 74 42 7 19 86 31 91 89 40 19 66 34 54 25 71 29 75 75 92 28 42 21 13 79 40 37 39 72 93 83 52 56 72 63 53 97 74 83 59 54 4 28 61 4 51 98 66 8 65 40 76 24 55 33 93 10 8 27 89 82 3 14 68 49 14 77 84 58 39 68 88 64
67 16 2 39 91 72 56 33 5 76 24 5 74 34 84 41 76 74 70 96 72 54 62 92 74 1 20 45 87 56 23 70 27 6 4 92 47 11 49 55 42 12 32 94 84 77 13 46 66 98 41 2 50 29 48 63 94 46 88 80 23 60 66 11 27 31 24 75 18 74 6 32 81 92 16 64 7 96 55 97 93 32 11 51 12 78 78 89 65 18 49 68 38 73 58 90 51 89 82 16
31 3 23 71 80 91 42 57 4 53 18 56 64 90 78 23 65 48 44 97 41 45 45 22 21 15 80 85 38 32 24 48 54 31 40 90 72 51 97 21 2 100 59 98 11 60 2 26 77 17 94 90 73 26 75 19 98 19 78 77 26 69 99 13 45 20 76 3 14 48 65 82 45 75 29 52 41 31 99 23 36 46 82 47 68 11 90 78 97 35 20 11 13 99 64 2 20 20 85 34
62 82 50 28 66 20 32 70 19 29 52 72 34 48 34 47 77 1 26 63 35 55 69 70 56 73 17 9 47 60 44 55 62 86 3 30 92 20 18 22 71 97 60 100 71 91 51 20 1 75 45 9 31 73 91 87 80 72 52 21 66 51 56 48 83 72 91 78 70 72 95 12 9 83 6 3 89 18 25 24 33 40 13 80 45 63 74 77 25 17 36 21 36 29 88 94 52 88 80 50
16 77 74 26 91 66 47 64 28 97 88 40 10 10 98 42 43 84 90 90 11 5 20 29 99 15 30 84 40 15 47 4 88 59 30 98 97 96 33 2 11 95 81 1 4 9 96 70 80 9 65 91 28 60 67 58 81 96 74 56 49 74 18 89 96 5 93 5 32 70 53 46 45 76 53 43 32 93 79 74 20 79 86 73 54 22 7 99 9 42 28 60 42 70 31 90 17 31 61 86
57 23 99 26 59 24 78 77 88 4 71 54 72 87 25 81 97 53 17 30 53 40 48 43 86 53 19 90 54 79 44 84 42 51 62 2 61 93 6 89 6 49 44 77 50 77 94 75 59 69 31 50 1 53 94 65 27 9 24 64 9 31 27 17 46 54 47 4 16 77 31 71 45 97 46 79 66 78 23 4 31 98 64 43 49 9 18 32 89 75 36 94 81 52 59 71 19 10 19 11
56 16 88 61 96 11 46 97 42 58 59 20 6 64 71 55 21 10 68 62 92 75 52 10 97 56 68 18 34 66 72 42 11 9 76 28 24 93 15 18 47 2 97 3 23 95 31 9 19 71 28 73 7 87 61 51 61 1 2 62 38 63 17 84 67 73 98 65 21 69 18 62 61 18 30 21 33 54 45 40 85 75 70 92 21 31 62 65 27 3 94 6 32 78 4 30 48 9 43 20
96 82 42 78 65 69 27 12 88 100 72 48 100 66 41 97 41 82 95 15 4 83 52 46 76 95 66 62 23 4 70 41 83 25 46 81 53 22 37 85 63 68 84 90 3 56 73 76 13 14 5 26 81 28 71 92 16 2 84 40 38 55 39 53 77 91 34 98 68 34 14 58 91 77 45 86 37 61 13 16 70 57 29 49 74 89 78 7 43 9 80 25 72 13 51 58 94 47 55 50
72 54 73 11 35 66 17 53 15 65 84 17 8 92 7 51 8 95 93 82 63 97 38 29 23 64 23 62 56 40 25 55 27 51 63 68 75 48 91 64 18 3 71 26 81 62 22 32 14 96 21 25 11 84 47 87 10 20 83 22 5 19 80 54 12 73 72 1 30 97 43 38 13 72 24 5 21 12 55 64 54 30 66 83 71 24 64 49 8 49 87 23 30 91 47 67 62 23 54 66
92 51 13 40 97 70 97 13 93 54 80 59 75 18 69 83 39 25 14 7 4 18 74 78 36 96 47 70 31 66 82 55 100 49 12 25 69 53 1 21 62 56 69 56 84 76 79 3 93 95 2 41 83 70 30 52 23 7 14 96 78 58 25 80 27 88 52 89 23 26 97 51 93 53 33 42 48 63 37 66 4 15 60 88 28 22 85 13 1 59 51 69 83 100 49 80 97 5 2 62
68 49 92 38 71 92 82 88 18 44 91 57 61 30 15 44 59 87 39 8 20 99 98 51 84 20 48 47 28 84 69 9 72 75 86 13 55 91 13 17 85 85 41 68 27 74 78 82 85 25 1 59 37 64 34 23 42 76 92 89 97 92 100 72 32 14 20 23 43 30 20 96 52 68 100 67 17 9 68 98 90 14 67 95 94 82 4 89 26 86 8 9 33 34 19 24 69 12 66 64
76 67 33 48 35 34 84 92 3 4 50 89 37 51 11 96 33 99 64 3 32 82 82 9 33 38 75 56 47 70 32 45 56 73 78 95 91 54 28 69 41 23 6 44 3 72 10 70 32 29 56 22 16 92 83 24 3 61 31 86 20 76 99 74 99 1 65 24 66 15 26 56 28 49 27 67 34 5 88 54 60 33 11 85 58 44 20 79 22 23 61 92 98 64 77 74 1 72 99 78
75 41 95 12 77 30 31 28 28 41 88 40 67 21 67 18 55 95 16 66 41 66 88 77 42 5 90 15 42 88 18 69 97 34 67 92 26 45 6 30 41 31 66 21 92 75 26 56 29 85 14 55 91 34 33 45 87 14 84 83 6 75 52 22 6 45 100 64 62 7 80 7 22 14 17 70 1 5 21 3 68 18 1 25 30 83 1 17 85 89 62 64 29 45 14 40 22 58 22 54
79 74 10 51 68 61 16 38 44 22 21 9 90 69 61 16 6 14 83 62 72 68 42 57 71 85 9 93 81 18 96 15 56 3 4 50 3 51 94 83 40 42 51 68 27 9 55 15 53 30 90 61 65 21 39 12 15 73 70 34 42 64 5 18 57 15 63 68 93 69 29 12 91 12 44 54 46 63 20 61 2 20 3 84 85 54 76 91 89 12 24 43 12 1 72 77 67 92 47 39
72 30 72 64 14 63 16 67 81 91 99 76 27 66 61 6 92 52 16 58 14 3 74 88 94 91 98 87 40 99 71 87 99 26 89 8 2 83 61 17 98 86 92 20 9 75 60 40 67 34 24 93 78 24 14 20 64 73 27 93 82 27 22 77 44 2 36 65 11 22 80 24 83 15 35 74 28 39 87 94 96 44 46 22 30 52 63 84 74 99 36 90 52 64 100 82 93 52 54 63
67 18 29 46 60 61 1 48 81 18 74 58 95 58 20 90 9 100 31 66 74 9 51 34 93 92 90 85 78 43 87 6 5 48 92 34 21 15 27 9 20 45 80 13 55 22 11 41 84 78 2 52 68 16 85 91 86 5 52 99 39 67 34 81 24 5 80 10 98 71 69 38 23 61 96 64 8 15 66 32 33 86 46 24 85 30 4 5 27 56 39 13 1 9 14 77 79 100 58 69
43 62 75 13 83 73 75 1 25 29 4 73 38 28 59 73 83 94 17 89 33 28 44 64 86 49 67 40 86 87 92 7 49 10 92 15 23 39 89 85 35 87 16 88 9 48 23 39 72 57 89 48 72 25 62 36 40 86 74 44 60 17 26 76 85 11 93 57 40 69 6 52 67 76 7 4 31 97 90 79 69 61 87 20 12 2 87 79 95 83 1 94 73 13 77 62 58 37 26 44
73 66 2 53 26 6 49 60 35 21 99 59 69 64 37 47 7 97 32 59 47 45 74 51 42 74 61 86 2 64 93 53 89 78 84 13 78 99 67 48 99 77 9 64 52 76 18 64 94 15 65 28 66 14 69 79 37 97 47 35 96 29 56 36 4 86 51 10 78 100 49 75 70 67 63 44 2 31 78 25 29 13 85 23 28 95 42 23 16 34 23 13 95 12 57 56 25 6 73 93
11 10 77 50 11 10 73 77 61 79 71 43 34 26 10 84 70 3 67 9 89 65 3 20 99 35 79 42 12 27 96 8 64 50 87 97 71 24 32 63 8 100 25 56 81 12 95 5 74 38 12 69 99 2 46 58 38 98 17 68 74 67 73 63 15 49 51 91 88 45 54 35 55 49 30 28 96 17 81 5 74 80 33 88 32 13 7 52 87 28 84 65 83 54 20 12 59 46 91 24
11 63 30 2 75 23 51 61 83 81 54 23 86 17 98 84 59 77 14 13 5 63 35 43 18 39 95 61 51 39 5 89 42 88 22 17 52 51 74 41 84 47 45 42 68 92 28 6 85 56 62 7 97 56 24 58 27 22 6 7 73 34 32 96 15 38 68 63 59 17 64 11 54 14 46 37 1 75 73 57 47 4 43 65 3 4 77 86 23 17 39 94 31 40 33 5 92 55 22 73
57 95 59 59 68 4 52 43 96 64 7 46 13 85 90 6 10 2 99 32 99 30 15 98 73 74 98 93 85 41 17 70 20 20 87 38 46 59 31 55 26 5 49 66 24 31 55 96 94 24 97 60 70 67 72 39 37 99 85 41 4 26 50 29 89 83 98 14 13 60 15 50 84 44 6 87 52 16 9 19 79 29 34 52 35 71 66 13 16 89 73 43 29 54 93 71 45 41 37 29
71 74 20 32 64 1 51 88 86 58 61 88 29 87 8 86 78 76 8 52 55 7 49 49 10 99 33 80 12 68 31 100 9 23 87 8 67 64 12 4 42 46 13 68 58 37 54 46 74 90 12 8 73 23 15 23 88 3 30 42 80 14 3 33 26 81 52 80 37 17 99 1 97 93 32 29 71 68 68 49 37 7 84 64 2 46 23 32 42 42 6 7 59 5 13 73 93 91 38 69
16 86 47 76 52 8 49 28 27 19 65 6 86 34 19 67 62 89 33 60 63 11 59 87 54 52 23 66 25 15 74 62 24 15 86 83 14 3 85 9 27 12 51 99 35 54 40 89 51 51 98 45 55 44 94 68 65 1 86 58 87 3 37 87 68 61 42 83 9 18 97 32 25 7 30 92 8 6 45 9 71 28 69 39 49 50 89 48 13 97 62 10 23 84 20 4 77 21 53 19
16 70 55 29 73 81 29 56 83 92 96 26 65 54 34 100 60 75 82 8 91 75 58 47 14 94 26 31 55 78 18 16 26 34 42 77 75 32 50 32 60 15 16 90 91 56 72 1 54 96 81 99 41 78 92 20 50 15 86 90 62 76 69 5 31 40 77 5 84 10 50 10 48 31 29 62 18 45 39 69 50 30 2 59 54 2 83 6 38 48 1 81 28 19 64 75 29 5 62 20
11 73 39 32 85 36 6 3 40 21 77 49 37 79 30 56 95 61 68 24 32 11 11 74 77 91 11 47 66 80 61 64 64 62 14 28 77 71 54 75 28 18 47 88 27 89 6 47 54 76 38 77 84 52 88 36 90 10 13 74 88 29 97 88 10 12 5 71 68 57 15 85 94 55 86 52 26 42 40 78 26 1 7 27 25 3 54 74 84 99 39 68 34 28 74 56 68 76 55 55
28 51 1 36 86 29 94 59 33 68 45 91 5 55 99 82 69 46 23 12 21 80 21 45 42 99 32 75 17 85 24 8 71 34 46 18 12 26 41 46 57 87 2 70 15 98 66 18 40 6 71 82 38 8 75 7 84 50 15 49 37 25 13 17 95 9 90 14 80 50 100 52 74 70 46 6 59 18 24 23 30 78 28 51 7 7 47 37 28 63 74 53 74 40 22 87 54 45 82 35
69 94 7 37 93 33 77 85 95 51 21 66 72 67 95 64 15 55 83 27 24 88 93 40 23 66 20 23 41 27 14 79 24 17 43 11 54 43 96 9 37 19 27 89 52 59 91 19 70 74 27 26 11 73 32 66 48 83 54 36 10 43 71 17 78 61 47 5 55 66 68 31 81 5 45 28 30 20 15 63 36 59 43 16 56 17 7 50 15 96 71 73 19 89 15 2 91 86 42 54
95 27 10 23 55 36 56 56 98 13 44 12 90 24 58 13 10 42 89 41 60 37 76 75 91 7 93 3 24 28 2 9 52 97 2 68 98 10 83 52 59 44 49 3 2 74 36 89 99 98 24 34 72 1 6 56 9 35 61 64 33 88 30 79 75 12 20 75 57 30 77 94 32 32 39 59 43 9 71 27 27 91 87 86 12 93 31 13 32 98 47 90 89 42 69 87 10 8 5 17
13 74 35 78 77 7 29 92 17 41 13 91 19 30 55 80 47 14 86 54 37 11 26 54 18 78 35 64 46 89 45 3 35 91 42 64 53 28 31 23 19 48 11 30 75 8 4 95 16 62 21 57 85 11 28 35 78 56 76 59 93 13 86 60 54 13 31 43 96 28 74 27 17 43 83 2 58 1 36 15 17 65 75 48 12 21 67 74 50 93 58 75 71 5 72 58 65 98 77 29
20 87 48 7 57 76 15 23 5 98 27 52 21 31 87 10 44 27 99 60 54 77 66 34 41 2 6 44 49 3 10 82 52 24 71 92 99 56 81 41 61 46 3 4 10 33 13 16 45 88 2 40 2 100 49 63 46 12 35 9 30 69 55 50 80 22 79 55 71 100 91 40 37 36 37 31 42 12 88 81 74 68 78 54 59 21 70 9 90 5 65 82 46 41 97 35 36 67 50 65
51 5 56 64 2 97 73 58 36 4 98 44 85 96 89 92 44 53 91 72 31 26 93 42 51 13 73 92 97 25 43 56 76 49 94 63 85 25 81 4 89 100 81 79 37 48 9 79 45 69 85 73 5 35 75 61 44 89 84 45 18 34 67 24 74 14 42 73 17 35 22 35 11 20 60 20 42 53 4 86 68 43 69 39 77 73 7 68 14 83 36 30 81 23 73 48 19 31 8 15
86 40 55 41 92 22 93 24 25 28 42 67 3 12 58 14 6 47 40 41 21 32 5 66 78 62 76 41 17 61 38 17 28 47 58 41 88 31 47 44 20 37 18 10 20 56 55 100 54 49 17 22 96 35 28 46 13 27 93 19 8 84 18 68 31 89 79 10 34 92 5 45 83 70 14 29 90 15 57 16 97 90 33 59 65 29 15 61 32 1 14 96 2 30 89 91 74 75 8 35
84 53 92 28 38 54 77 74 26 21 86 90 81 70 23 68 99 72 94 37 77 89 95 10 36 27 95 46 88 64 78 89 74 66 27 89 39 86 25 58 56 61 53 66 92 60 75 31 95 69 71 11 63 67 74 70 52 68 58 49 37 72 89 36 9 18 100 99 65 88 78 24 18 64 38 48 52 24 63 4 72 5 20 18 86 52 16 23 11 17 69 27 34 93 57 60 78 89 78 15
33 95 14 26 77 9 99 56 47 51 13 61 97 21 4 14 46 96 82 57 19 30 12 95 71 54 88 17 91 27 25 5 44 56 48 39 69 64 7 20 66 26 88 60 41 1 6 19 9 6 20 17 88 2 10 48 82 92 79 16 46 56 63 7 46 75 41 95 75 45 4 88 84 12 99 34 48 90 3 88 78 93 82 60 14 41 94 95 29 54 40 18 12 4 43 13 24 61 24 37
13 4 86 63 52 71 42 6 39 38 48 99 3 39 72 17 90 69 4 4 9 23 47 66 44 59 50 71 23 15 62 13 55 37 15 72 24 97 64 30 42 66 91 78 5 92 8 99 32 44 4 78 94 73 10 41 24 48 34 18 83 41 28 76 77 24 46 46 1 86 43 54 34 59 14 38 36 90 19 13 41 5 33 57 85 42 78 36 24 43 53 39 8 71 11 24 25 86 94 37
9 20 4 18 24 81 2 53 52 3 63 12 82 53 74 38 3 35 63 60 89 89 61 42 59 31 47 57 11 75 9 53 92 85 55 60 53 23 25 48 21 4 68 66 94 43 52 32 97 53 86 69 60 59 3 72 68 16 73 65 31 82 95 26 36 7 49 64 15 63 61 17 49 67 1 59 17 9 51 35 79 40 52 18 1 36 46 38 80 6 10 31 12 72 31 90 19 18 70 25
14 62 29 71 37 85 61 10 57 17 67 28 85 65 53 36 72 16 30 68 21 93 67 73 81 52 43 4 80 48 47 36 37 83 61 3 59 13 98 23 59 32 73 3 58 17 87 35 13 37 48 94 87 42 69 97 56 47 77 83 21 31 88 6 55 29 84 86 64 45 56 54 22 21 16 15 63 39 13 32 56 35 44 57 65 72 18 87 73 19 14 62 27 54 43 1 48 14 41 85
9 4 39 15 27 73 43 51 16 76 19 7 69 24 44 36 68 65 71 9 23 100 100 84 12 13 90 9 58 53 29 9 8 64 6 88 94 51 41 39 50 49 28 81 12 2 6 9 7 99 44 50 26 52 9 15 97 7 51 31 63 82 65 75 15 95 89 78 67 66 14 65 96 62 16 14 30 76 2 30 81 5 44 76 26 56 20 76 4 51 21 99 80 96 72 100 27 37 35 83
19 70 73 28 97 26 67 41 68 21 14 38 92 51 26 15 7 20 34 10 78 13 37 10 89 21 100 27 12 87 74 89 82 86 63 12 40 10 41 18 4 60 65 87 86 50 69 69 41 16 2 70 39 83 63 1 82 1 59 61 64 30 14 96 9 52 6 90 18 18 82 6 15 67 73 3 25 90 89 45 56 43 82 27 49 58 99 31 46 21 92 43 82 75 58 60 54 97 71 44
15 94 32 70 69 96 25 64 71 97 62 19 32 10 31 14 15 55 19 4 54 45 57 43 72 33 46 72 76 39 74 19 15 41 89 9 32 39 81 10 8 13 83 17 19 50 4 83 10 55 37 3 1 87 48 76 80 7 24 46 77 8 98 98 40 82 76 9 9 3 2 69 81 7 47 25 82 51 95 95 18 66 88 62 46 98 31 48 42 14 37 49 55 95 35 100 7 31 44 24
10 15 2 18 62 8 55 26 73 26 92 34 11 7 41 52 93 88 12 26 65 32 48 42 86 26 65 5 16 94 93 72 34 53 24 62 44 59 42 55 20 88 62 40 44 28 40 99 92 69 22 31 31 69 79 58 33 58 43 6 59 98 23 71 87 1 45 41 56 6 34 88 55 69 57 77 80 49 61 25 63 15 40 55 26 57 80 93 79 6 29 86 54 44 8 88 16 27 2 61
3 1 30 48 49 56 53 19 33 19 2 12 46 64 26 7 94 77 24 31 81 91 28 10 8 80 96 19 74 89 44 51 36 36 4 42 89 45 3 60 48 10 91 94 80 28 86 80 13 99 22 92 53 10 64 60 100 5 34 90 10 64 11 42 41 3 39 20 72 34 27 52 92 29 28 73 1 38 68 47 5 55 67 99 75 39 76 79 93 96 12 88 79 5 34 79 56 74 83 56
19 34 12 74 81 60 43 59 71 11 72 79 60 36 3 83 25 54 38 47 68 56 47 11 86 18 66 45 11 11 25 64 25 98 55 9 27 24 83 34 24 45 89 89 92 9 19 97 33 80 6 83 84 96 71 52 41 69 31 23 99 100 4 26 28 90 16 65 9 69 27 48 47 31 70 99 18 63 63 68 67 65 89 68 66 33 66 94 57 10 3 75 63 3 41 56 2 67 1 11
71 88 18 28 78 98 13 37 61 84 89 67 36 78 46 97 9 18 5 44 54 39 8 47 13 49 90 81 76 92 76 35 48 54 29 24 34 81 80 52 82 45 24 8 26 33 5 51 21 88 30 86 6 78 52 6 71 36 23 54 81 66 96 38 9 85 48 73 58 13 35 63 28 26 61 65 57 36 14 2 79 41 54 57 97 74 74 87 33 65 33 87 20 95 66 43 34 36 90 88
99 42 9 22 17 66 75 24 61 63 4 33 14 39 78 51 15 35 21 83 63 3 65 8 59 72 21 32 9 8 33 76 11 71 92 13 40 26 70 55 94 51 95 92 23 35 47 49 62 79 53 49 12 56 73 50 50 88 41 10 49 92 82 78 79 30 46 67 89 89 45 6 64 30 9 64 1 23 23 67 93 19 70 30 51 87 98 56 73 70 80 93 48 31 53 35 70 65 46 9
11 78 85 24 93 65 20 72 8 16 80 43 81 63 63 20 49 42 76 17 8 41 26 21 49 8 87 77 8 55 44 23 90 3 83 7 92 32 26 6 46 48 35 31 3 48 92 44 55 11 66 31 29 5 83 92 43 64 86 42 78 55 58 51 47 31 81 73 77 18 43 67 75 100 90 35 56 90 89 63 18 12 10 83 24 61 85 29 93 34 76 13 48 67 93 7 70 79 37 57
93 41 26 45 46 51 15 60 92 69 87 7 31 95 7 62 37 37 22 66 77 9 91 88 21 24 71 24 71 41 22 31 77 3 18 20 62 55 38 92 86 32 69 27 94 78 26 89 41 49 5 59 68 32 87 64 12 15 4 20 62 24 31 56 37 59 18 85 62 44 77 99 18 19 46 84 5 4 29 80 30 91 46 25 26 7 79 63 50 24 81 94 58 26 36 49 58 18 81 97
33 54 85 60 93 23 63 46 81 24 34 30 41 45 71 7 23 37 2 60 98 98 84 47 10 29 44 84 39 68 32 54 44 74 24 19 76 68 24 28 94 6 89 20 98 15 47 57 91 94 98 61 13 39 25 20 56 19 96 11 46 20 23 91 8 28 68 63 56 14 41 43 42 65 83 55 79 88 47 51 93 2 26 86 14 19 14 67 100 31 85 2 95 87 93 10 63 72 24 23
33 83 20 84 38 23 72 21 15 26 29 26 22 56 4 86 85 28 49 48 18 19 97 30 58 76 73 26 87 21 83 7 33 21 54 33 28 93 38 71 4 67 50 44 24 57 64 86 4 35 28 49 86 56 77 55 100 20 2 43 33 5 94 48 46 71 56 89 29 83 67 34 64 71 93 78 48 80 45 48 90 85 92 23 31 48 30 56 31 19 74 56 86 41 60 85 91 82 12 27
2 35 57 47 93 72 33 26 11 59 1 65 82 14 90 61 17 82 30 72 87 16 11 74 48 35 70 68 1 38 54 77 36 77 47 21 71 73 12 46 6 7 39 73 36 91 65 85 41 98 69 78 45 98 59 71 55 13 41 81 38 11 67 34 70 8 72 17 75 51 58 21 16 47 80 94 54 86 73 68 69 82 21 77 47 15 7 62 2 66 95 99 32 43 14 85 33 6 46 63
27 92 9 48 68 85 47 1 36 63 23 76 83 90 40 27 59 33 34 2 13 33 58 66 43 48 89 67 11 64 64 82 61 58 79 45 1 93 76 11 51 97 39 38 68 88 73 84 58 5 82 9 21 100 87 99 53 46 94 50 34 41 37 56 20 68 36 95 68 26 55 95 43 15 51 41 9 26 5 78 33 69 51 20 77 23 14 12 74 14 42 40 99 52 44 11 74 12 17 5
56 58 81 25 53 63 12 46 24 34 29 5 20 75 19 58 89 89 25 74 90 66 84 16 10 70 13 22 63 85 53 93 34 51 53 36 74 1 36 34 16 39 37 53 58 28 90 41 82 81 57 86 18 62 63 79 39 65 29 51 72 47 38 4 26 41 77 20 21 18 62 74 53 15 38 49 73 67 64 99 80 90 23 81 100 31 89 38 26 57 61 6 20 14 4 44 10 53 10 36
39 77 47 17 73 49 2 28 84 61 34 31 19 35 61 57 12 33 44 17 88 99 21 24 82 64 35 45 40 38 15 56 22 77 79 16 10 40 25 32 34 31 8 73 82 17 8 27 7 34 5 83 66 88 42 82 34 75 96 51 92 41 54 31 69 50 15 68 52 16 30 31 50 3 51 5 58 96 2 98 73 10 3 5 88 97 84 31 24 87 99 32 38 88 95 76 59 77 52 84
15 82 74 72 20 76 63 71 28 92 2 77 27 82 96 34 62 32 68 56 60 85 79 20 47 100 52 91 47 30 9 80 53 90 1 48 7 25 68 34 75 13 40 93 24 65 70 9 92 14 26 59 40 13 6 74 1 33 43 2 97 41 49 3 81 34 4 98 76 22 41 44 21 3 95 56 97 53 73 91 19 88 84 69 86 10 20 66 49 41 81 23 29 88 14 66 34 70 20 26
53 87 52 46 84 23 92 33 21 20 59 16 91 59 71 77 23 69 87 91 77 66 86 48 95 23 93 24 42 62 48 51 7 59 34 100 65 51 26 50 1 49 73 79 48 42 42 98 67 23 85 11 5 53 17 69 80 4 11 62 38 52 92 75 56 94 85 31 61 8 13 24 85 93 48 37 45 54 41 49 47 60 11 11 10 87 38 14 30 68 42 19 83 56 30 85 2 93 87 8
93 10 62 12 2 46 36 46 90 17 79 63 49 54 15 91 78 60 3 15 99 22 53 29 22 83 6 71 85 44 48 40 76 45 76 92 27 55 59 10 11 89 36 26 88 28 61 78 69 56 69 95 27 59 64 90 65 83 46 75 66 3 81 4 94 74 74 63 66 48 85 69 47 28 98 28 100 42 7 61 23 70 32 88 44 3 43 58 86 16 7 62 35 85 92 94 18 58 44 79
75 86 33 1 66 69 6 58 62 1 15 55 76 43 90 80 89 74 18 67 56 45 39 17 44 94 9 94 39 12 15 96 93 45 100 56 7 35 44 4 37 92 87 91 10 30 26 68 66 80 17 72 97 62 81 67 60 68 21 82 26 77 55 53 8 20 12 11 43 70 37 93 45 47 20 24 30 86 27 59 19 37 33 17 58 27 78 30 51 51 55 52 14 25 100 78 44 58 2 51
77 96 85 50 54 25 92 75 55 81 12 80 33 8 15 30 23 43 25 83 94 97 68 66 14 85 96 9 77 6 13 76 53 96 19 81 5 27 72 91 43 40 2 23 57 73 81 41 35 49 36 62 2 87 72 29 46 93 82 55 69 98 24 34 5 21 84 82 50 30 49 34 43 7 100 8 59 19 62 27 56 44 34 84 86 85 75 87 1 73 83 69 36 56 7 72 15 25 37 76
29 49 95 92 61 32 8 71 100 59 62 81 41 27 71 91 37 4 58 55 28 33 35 54 35 18 97 26 13 22 84 70 58 22 48 16 64 90 61 88 33 75 50 3 45 71 71 27 27 8 68 63 40 95 37 90 74 100 1 17 85 69 36 42 53 21 19 88 97 15 90 7 34 81 76 23 49 17 98 31 50 38 38 38 53 47 23 88 56 66 22 92 23 71 83 46 72 91 27 2
34 66 9 20 47 21 10 41 18 97 50 57 74 55 37 95 44 19 64 65 37 41 12 74 84 19 9 53 86 5 56 79 53 18 24 49 63 81 6 98 77 75 74 29 21 18 39 72 37 82 88 54 18 36 51 45 87 47 12 4 75 56 43 6 28 73 73 65 21 37 93 70 16 20 13 5 80 82 17 71 15 81 33 24 57 5 46 55 25 9 69 98 43 65 81 97 57 3 88 29
34 16 91 86 18 3 72 77 35 19 68 38 51 78 20 42 9 24 63 48 10 95 12 1 69 19 57 82 5 9 80 53 38 93 49 73 17 15 9 94 25 68 59 65 72 37 54 42 87 95 76 23 40 58 32 82 71 29 8 17 83 15 50 97 69 7 10 22 71 12 58 7 22 9 94 8 44 21 43 35 49 79 45 15 86 76 14 69 2 18 6 25 38 80 30 80 64 2 3 86
69 87 68 43 42 63 16 45 80 20 55 36 18 46 21 98 13 31 91 34 74 33 68 55 83 37 40 24 89 95 56 94 61 65 73 99 74 11 22 47 77 100 85 14 13 58 69 19 19 21 20 6 95 79 87 72 40 58 77 17 83 71 36 1 10 24 85 67 43 47 15 76 77 86 61 74 17 74 25 55 3 89 95 3 47 81 91 71 15 42 28 5 44 93 14 50 74 37 10 81
82 49 71 15 49 57 62 58 64 78 70 92 55 84 73 90 73 69 29 11 95 31 4 9 21 55 58 71 6 49 94 85 50 78 39 16 2 75 73 74 51 35 33 32 75 41 30 67 1 93 77 79 70 47 5 64 44 38 43 99 85 65 90 35 57 4 57 74 22 39 54 50 78 70 21 27 10 94 43 75 88 53 75 78 84 59 4 83 74 12 93 14 71 76 49 18 24 49 3 29
26 59 45 10 13 73 69 31 25 1 93 34 89 63 82 40 3 67 61 52 81 46 49 16 81 1 42 99 64 66 65 89 54 56 83 80 76 30 17 85 95 11 100 98 53 40 62 63 15 22 56 44 40 55 52 13 98 60 99 95 90 36 34 82 75 95 61 13 55 75 16 22 15 37 74 44 40 9 90 73 54 63 58 58 62 64 67 44 95 68 80 70 46 90 30 30 24 30 92 46
45 74 50 96 48 75 97 80 68 44 92 14 47 80 5 85 42 3 13 20 91 54 68 56 66 59 46 49 63 83 16 74 12 25 94 43 90 26 30 76 80 26 95 56 86 3 17 3 35 24 37 96 30 9 84 5 54 46 18 75 62 48 21 59 76 92 86 59 61 63 43 29 45 31 18 37 25 19 37 87 60 39 98 61 86 57 33 54 92 27 22 14 16 13 93 51 31 56 35 7
19 8 68 44 67 39 76 25 5 9 87 51 20 94 84 61 89 45 72 29 74 73 97 17 74 17 89 46 82 98 45 51 7 41 84 45 41 75 17 3 1 12 61 19 58 56 53 38 83 70 2 59 59 98 88 78 4 22 39 64 3 2 67 6 13 35 18 9 13 61 78 84 93 14 30 9 32 34 95 5 2 21 86 33 57 33 22 62 75 18 68 52 34 86 79 26 68 14 80 23
83 11 71 48 66 63 85 50 12 18 24 32 76 51 93 61 35 25 97 55 67 47 46 9 85 55 86 8 57 33 16 75 17 37 89 3 33 10 94 27 12 48 95 74 57 69 64 81 47 62 10 36 11 57 63 44 84 83 49 21 65 86 86 54 98 87 43 77 79 69 94 42 37 7 38 6 77 64 9 73 94 17 99 81 43 76 27 51 33 15 37 66 39 43 76 95 90 6 17 25
39 9 96 7 58 37 29 98 24 50 21 11 5 26 17 86 94 17 90 15 98 99 4 55 84 4 25 29 38 20 56 69 92 67 29 60 17 80 77 6 47 35 20 33 44 85 27 16 97 2 97 35 25 41 92 18 77 84 77 75 85 49 70 63 84 88 96 4 48 50 39 94 85 18 25 39 42 73 21 84 24 15 56 84 77 83 59 36 7 20 69 43 14 44 71 77 79 89 64 73
32 20 61 72 22 6 40 11 56 100 70 45 48 77 47 82 96 10 29 94 46 3 32 75 22 44 32 11 27 47 76 24 70 42 41 70 64 64 79 61 47 84 94 29 22 52 34 3 94 78 73 64 37 38 21 98 15 67 68 34 66 16 86 55 87 90 21 30 44 82 4 6 91 44 54 83 98 66 25 99 61 67 8 13 10 26 72 14 23 18 45 42 42 61 22 38 52 23 2 25
52 74 95 58 10 29 82 53 54 67 41 58 13 67 27 31 26 71 83 5 47 25 17 52 59 30 71 92 38 84 82 3 87 94 44 55 28 63 18 78 60 96 16 77 45 76 50 91 43 14 21 72 31 2 82 11 48 33 96 72 88 12 22 56 37 83 73 98 56 20 88 20 62 91 20 72 26 35 3 26 7 90 46 89 53 31 64 32 68 67 64 83 23 85 37 13 84 42 75 32
95 22 94 11 88 14 13 97 9 78 17 42 67 13 76 92 46 81 27 61 31 47 18 21 65 91 9 59 31 23 83 38 71 62 42 32 90 100 14 8 73 15 60 41 18 81 60 89 43 33 4 61 42 74 55 42 89 14 28 80 58 55 64 54 92 54 83 6 100 37 4 32 83 38 87 83 70 12 86 88 48 50 58 25 79 21 43 48 97 57 58 31 100 83 36 28 29 7 86 32
15 65 47 75 77 46 16 66 34 98 13 65 25 61 62 15 89 54 58 5 20 82 24 31 49 43 13 83 23 20 34 27 10 6 42 49 87 4 34 34 42 91 25 41 27 68 15 26 8 61 42 85 44 78 29 78 89 56 69 18 20 8 48 6 72 10 99 26 67 22 22 3 89 12 13 98 30 87 69 69 11 26 92 29 63 50 95 98 42 47 37 28 24 53 26 82 58 39 32 15
65 59 6 24 98 78 78 8 11 6 90 86 87 12 73 39 49 41 25 11 53 94 20 53 81 73 22 87 85 62 88 66 8 50 40 60 12 68 64 95 40 73 41 91 31 78 54 95 60 73 96 25 93 95 41 49 88 21 38 28 33 86 98 98 14 68 2 94 10 99 12 21 97 6 94 25 71 15 67 95 60 11 71 55 85 65 5 84 22 13 46 58 91 5 46 52 31 97 27 59
49 38 42 92 19 28 58 52 16 15 100 17 75 59 42 67 62 55 98 62 98 72 35 75 5 78 73 70 4 40 53 97 31 33 57 94 72 30 43 65 25 55 2 17 62 78 92 49 43 99 99 66 53 3 80 52 73 32 97 97 58 49 5 38 93 73 76 55 40 56 41 26 10 17 25 38 19 23 87 99 37 85 28 37 50 92 41 84 50 85 67 12 15 77 95 6 26 66 86 24
48 16 34 31 55 19 82 54 2 16 90 51 76 49 11 64 14 29 82 63 86 100 34 76 32 60 47 52 14 54 26 86 9 16 29 94 64 90 36 36 83 35 1 14 63 93 76 9 85 56 20 78 83 64 52 15 62 23 53 11 1 40 89 92 88 27 19 61 34 47 13 41 20 32 22 41 57 36 66 54 4 42 91 40 83 84 100 22 44 8 49 81 85 50 58 24 1 68 62 47
56 19 35 29 62 76 48 26 72 80 89 73 16 81 52 35 80 18 36 84 19 27 16 30 29 12 56 72 33 12 91 1 32 83 86 3 74 21 80 20 8 9 79 28 6 15 99 96 48 25 65 37 63 46 10 28 9 68 29 50 81 30 52 89 28 24 95 75 85 94 66 78 7 4 95 92 54 81 13 3 10 42 44 42 55 87 13 3 76 3 50 27 29 49 55 11 43 31 50 57
70 19 67 21 29 95 36 96 18 89 34 10 18 88 3 91 62 57 12 24 50 6 54 89 36 34 67 39 9 8 37 77 45 52 45 39 56 25 83 100 40 18 54 93 65 85 94 32 55 6 97 4 36 51 89 19 61 5 10 73 13 10 95 18 93 54 78 4 25 52 71 90 80 36 38 27 17 15 70 24 46 4 95 33 62 7 97 11 2 70 5 36 44 14 11 86 21 83 2 14
75 62 77 2 70 56 74 86 81 94 78 18 53 47 18 37 51 67 22 5 73 88 25 85 68 2 25 99 29 5 74 64 35 23 43 66 100 2 40 67 81 75 86 55 84 87 40 53 11 11 39 41 91 51 78 44 23 77 72 3 14 44 63 40 19 45 17 80 24 14 3 39 74 73 34 95 57 86 2 43 47 86 9 47 2 99 19 72 44 6 40 14 96 46 65 34 61 87 18 7
88 67 40 22 84 20 7 75 32 95 39 19 10 12 61 52 22 55 81 48 9 78 59 83 69 70 40 93 68 69 36 96 94 21 81 83 63 35 33 84 79 61 32 4 56 20 96 11 6 85 37 84 12 97 11 85 76 7 82 85 95 18 43 29 77 95 84 63 74 35 8 63 64 55 83 8 43 5 20 77 46 86 79 64 64 95 71 38 8 24 6 93 56 44 40 93 14 65 31 29
1 53 48 40 63 30 23 41 45 12 98 72 87 93 32 4 10 72 63 40 34 25 62 33 48 29 25 79 56 88 44 43 90 96 59 78 99 93 32 39 95 44 31 8 76 22 81 41 82 58 51 40 51 52 77 1 3 53 84 1 86 50 40 70 1 17 40 54 10 21 1 23 49 90 71 14 26 24 37 46 68 6 47 22 57 95 21 38 75 34 10 44 97 40 93 97 100 19 4 66
31 80 98 80 79 92 40 99 15 73 17 61 12 1 55 26 53 37 91 28 35 3 49 37 7 47 39 86 65 82 30 56 12 87 82 67 92 18 95 37 5 82 50 62 35 6 23 85 73 24 34 12 8 95 63 49 82 87 87 48 24 13 37 67 54 88 20 48 66 76 5 73 84 30 18 45 87 17 39 96 27 51 80 36 19 76 26 11 1 47 77 45 13 26 82 19 75 60 49 42
21 48 52 59 39 32 7 41 13 63 36 4 84 86 13 18 81 79 41 64 32 64 41 11 64 38 84 12 94 44 45 13 9 42 72 17 49 20 95 54 57 9 32 22 70 7 56 41 89 84 85 28 44 18 4 7 10 100 77 58 49 98 31 70 31 80 1 18 3 53 61 18 79 5 93 72 94 74 87 74 59 8 76 3 35 58 6 93 28 50 78 30 32 80 3 3 77 3 58 95
50 57 16 94 9 44 15 49 98 15 81 15 73 25 64 89 93 51 45 28 94 84 93 41 56 48 81 34 95 6 56 76 61 85 64 73 16 52 43 10 35 51 75 59 66 14 51 32 74 55 50 97 67 62 38 49 39 92 88 3 79 94 24 44 30 99 83 20 4 5 1 95 68 32 54 92 23 29 36 99 14 19 79 61 5 35 86 84 19 90 53 75 89 69 69 21 91 89 38 33
40 65 57 63 97 8 70 11 12 92 79 70 56 3 35 28 93 94 46 1 96 85 35 64 91 31 53 79 63 99 11 35 96 47 10 59 8 18 81 67 40 18 96 65 11 29 18 59 12 48 61 59 90 95 81 100 24 15 3 72 18 98 61 80 29 4 1 8 54 11 14 35 25 54 78 89 38 55 93 91 15 25 29 24 31 34 98 100 90 53 35 98 78 57 7 96 69 46 50 23
47 86 57 5 7 56 34 3 53 73 86 84 43 100 56 96 74 77 59 83 72 47 14 82 36 68 39 48 52 77 17 55 94 60 75 4 74 79 55 22 58 31 7 99 60 46 31 65 38 32 27 95 75 85 34 84 95 75 48 19 59 58 93 51 40 59 46 38 14 2 14 38 3 83 94 1 11 10 21 86 65 47 14 69 94 73 24 37 43 35 88 32 95 97 3 51 48 37 29 61
99 69 78 64 61 64 88 75 9 16 98 84 13 44 49 5 1 88 78 6 46 8 58 79 83 65 54 97 99 19 54 71 85 64 55 10 44 85 23 87 44 91 90 83 66 65 90 76 68 66 7 67 65 63 10 88 90 32 88 82 15 64 35 25 42 2 60 75 28 59 53 51 19 14 51 56 76 61 43 61 3 8 27 25 5 20 86 11 70 34 72 8 18 63 11 86 9 52 6 74
12 48 96 35 11 99 64 8 24 92 22 98 20 13 58 41 83 3 72 36 43 59 10 79 94 52 13 91 71 83 29 82 2 40 4 78 54 90 65 75 6 55 21 71 27 36 59 97 20 34 85 21 86 66 81 21 4 56 50 44 66 31 25 7 17 42 61 51 52 91 89 54 52 45 17 11 47 71 79 75 64 41 82 63 63 18 97 17 6 56 25 36 10 99 18 86 21 9 4 23
12 19 49 57 60 29 2 28 55 57 42 73 34 90 91 81 65 52 95 76 5 82 79 87 56 73 56 8 79 88 68 65 6 76 31 86 62 52 30 71 50 15 51 34 89 53 72 29 90 63 44 21 31 29 50 19 68 72 29 61 41 96 58 76 54 56 23 42 10 69 97 5 38 3 17 7 22 91 99 36 34 24 84 9 36 100 67 44 28 13 10 2 49 13 45 29 37 68 58 47
91 99 43 22 59 98 16 33 79 62 72 66 21 20 89 68 27 73 64 88 64 12 25 58 67 12 88 50 31 89 96 100 65 3 79 67 19 7 72 54 9 62 44 8 43 12 51 63 9 94 18 32 6 99 42 44 42 2 80 19 65 40 15 56 28 90 42 98 63 98 56 46 26 83 87 85 40 32 93 90 65 93 17 80 61 68 96 11 81 4 15 89 12 89 44 30 2 48 67 66
63 57 23 78 8 100 74 95 93 91 9 87 58 29 48 57 20 46 26 19 63 50 93 43 93 76 4 20 46 95 97 23 37 74 65 1 17 83 82 74 48 21 20 79 54 52 12 24 86 86 47 35 68 6 33 64 15 66 89 67 95 66 2 50 87 48 92 51 41 30 34 80 65 39 64 40 74 1 65 23 30 91 39 51 35 19 23 40 33 25 60 28 25 7 39 18 70 21 35 89
66 32 52 9 87 35 9 88 69 19 83 47 65 57 69 35 46 93 90 85 32 21 76 82 39 17 25 64 85 36 82 58 69 55 41 29 44 88 88 95 24 95 48 31 58 44 32 100 30 87 98 88 39 53 34 58 84 92 40 2 94 19 29 67 41 55 3 48 70 3 61 33 80 30 71 74 49 73 20 4 96 35 65 94 58 99 51 88 83 12 55 52 59 89 60 100 24 11 63 96
53 78 1 39 88 33 24 82 15 42 15 69 91 2 15 99 30 98 63 84 7 43 86 97 12 88 59 56 91 87 34 41 9 89 8 1 80 33 8 34 40 78 6 30 84 49 45 77 19 45 43 42 55 67 69 63 45 43 32 99 31 18 97 26 77 10 44 81 79 29 44 81 28 2 32 5 68 38 23 30 21 22 56 71 73 35 62 28 25 43 68 50 76 23 10 31 45 45 98 49
13 48 87 61 22 25 52 96 97 52 7 62 1 50 34 46 90 52 77 51 41 53 19 95 40 38 44 60 94 98 65 52 78 43 66 42 69 72 37 4 39 44 95 82 50 64 70 84 82 75 25 29 63 43 5 18 93 77 41 56 74 61 69 6 2 13 47 96 88 25 88 85 63 14 91 25 76 14 46 52 61 50 2 79 38 47 42 58 53 21 95 35 100 25 89 8 57 35 27 87
100 100
57 50 74 54 28 83 72 82 49 60 29 1 28 84 60 21 61 61 44 28 37 89 48 41 24 30 95 33 86 57 97 6 9 52 97 48 76 46 9 68 23 54 63 55 91 75 43 73 71 37 68 61 68 39 23 99 45 87 73 28 97 2 68 45 81 2 72 4 5 95 50 10 92 86 50 96 45 99 59 35 60 75 70 74 68 74 20 98 47 17 31 20 88 75 9 92 60 97 57 38
51 73 42 14 83 99 19 95 50 56 54 45 53 42 100 65 76 88 83 19 53 15 32 90 84 51 14 82 35 30 2 89 10 90 77 8 15 38 81 66 74 47 76 23 84 92 22 99 56 51 6 44 38 45 48 28 28 90 86 38 22 29 9 60 69 94 9 63 33 39 91 53 20 1 90 45 36 20 97 59 32 87 64 92 76 49 42 41 24 75 68 63 7 26 19 84 57 60 96 35
55 54 44 58 87 18 28 43 93 42 76 25 53 76 62 73 2 75 72 88 8 68 98 49 23 43 26 14 15 9 61 33 56 95 95 86 49 47 60 28 37 88 28 78 81 89 15 69 6 42 25 39 46 3 99 17 48 5 10 40 5 49 85 13 70 5 100 19 64 83 88 46 48 38 86 26 6 39 49 40 49 16 66 59 47 91 85 78 25 82 1 27 30 42 19 99 20 53 83 8
7 88 69 46 42 68 25 60 83 61 27 59 4 23 26 18 13 60 91 23 12 49 68 86 86 100 30 25 71 55 29 1 24 44 61 87 37 27 57 31 94 20 4 65 22 79 4 26 7 14 40 32 52 81 25 58 39 95 56 4 9 16 8 86 16 24 92 58 29 41 61 50 40 36 6 42 27 49 95 94 47 19 19 14 76 62 74 35 28 11 6 23 48 7 8 64 49 91 60 28
9 40 26 24 50 43 27 33 27 31 52 13 25 15 89 71 18 28 64 99 84 2 70 59 52 54 13 46 79 21 53 24 96 5 30 2 25 66 60 64 60 61 60 68 53 52 24 80 71 28 76 85 89 89 57 27 98 62 88 76 16 53 93 33 98 49 39 55 94 28 50 3 58 48 45 75 35 51 64 14 54 14 38 77 46 79 66 45 48 60 3 77 3 61 7 19 95 19 27 81
9 78 69 43 40 33 6 31 55 88 100 71 12 58 62 19 83 3 70 30 55 69 72 22 24 53 29 81 52 20 31 32 56 45 21 5 26 69 67 9 2 9 85 42 38 86 1 61 77 83 33 17 94 1 25 33 35 94 13 24 52 67 21 69 92 21 68 72 84 30 58 61 15 63 63 99 22 46 42 16 6 32 53 2 15 78 96 1 22 57 86 63 60 63 1 35 9 64 81 46
90 46 24 54 49 62 35 2 21 98 14 61 25 60 22 10 18 75 47 35 83 93 14 41 3 1 35 66 25 27 22 25 22 58 52 32 70 72 34 42 62 23 26 46 67 26 19 90 66 94 4 34 35 32 4 87 84 88 93 13 94 14 41 14 79 2 29 96 80 18 41 5 59 68 29 36 66 99 24 36 3 59 33 79 47 7 18 87 16 1 28 96 46 58 8 54 19 17 19 16
55 25 15 51 63 8 2 78 14 55 58 26 16 33 27 62 96 97 24 83 82 58 73 85 50 29 61 79 28 78 74 67 17 76 52 35 35 31 65 91 30 88 48 94 13 66 27 30 49 11 69 2 22 25 68 4 1 61 89 98 9 55 60 85 30 100 69 43 46 61 13 82 65 60 17 25 23 67 62 56 71 76 69 2 40 40 6 53 38 7 28 98 100 92 14 53 19 79 14 52
94 89 82 85 28 63 100 69 28 97 22 36 58 65 35 50 43 63 12 66 78 21 94 81 17 21 26 13 13 92 98 17 57 40 34 30 33 12 80 91 18 87 48 14 90 49 16 21 97 59 37 92 78 61 33 15 17 89 40 95 16 66 53 89 65 64 67 32 82 64 59 35 66 92 50 24 19 63 76 23 19 91 86 90 29 17 97 20 92 19 92 83 4 72 18 47 94 48 54 5
56 59 43 20 38 50 48 66 72 10 82 48 78 53 65 64 65 70 51 70 86 93 59 92 37 26 47 63 93 56 4 4 52 87 59 60 15 86 48 2 83 84 30 46 38 21 59 15 4 70 94 26 34 60 42 85 14 35 42 89 30 93 51 94 24 83 95 3 53 31 23 78 54 17 93 24 14 25 26 16 9 37 18 94 30 65 72 3 34 50 10 71 66 92 61 36 66 39 64 7
58 63 44 70 32 53 88 75 61 57 26 19 78 99 80 5 20 14 40 24 96 57 53 84 50 33 72 4 7 52 94 28 92 82 12 56 21 46 73 23 81 94 67 83 55 38 10 21 14 51 54 52 15 86 68 99 43 79 57 27 45 88 45 41 2 4 34 15 10 85 70 5 56 50 82 22 74 75 31 66 34 68 15 21 69 46 86 63 69 39 9 53 87 74 46 84 74 81 10 46
33 42 11 61 16 52 26 93 14 75 19 84 74 37 29 32 67 89 33 21 82 59 52 43 34 17 62 26 10 46 57 18 48 45 7 71 18 44 2 87 97 73 76 19 96 71 32 14 47 95 7 47 70 38 79 82 78 46 83 64 34 85 47 40 51 76 46 94 58 13 10 69 92 32 34 21 44 3 50 5 90 80 90 6 70 63 15 23 28 80 40 35 22 31 78 57 97 96 16 52
4 38 20 22 60 23 81 80 87 96 76 65 70 36 84 49 24 74 1 53 63 15 42 69 53 85 64 76 69 94 46 24 63 70 73 32 15 27 17 79 86 75 78 7 20 91 66 17 46 58 9 79 3 50 46 48 90 62 59 9 51 57 82 74 58 31 5 87 12 67 26 77 81 85 27 61 29 93 74 83 23 57 75 53 17 23 42 9 84 58 93 46 40 73 81 100 43 45 95 7
61 64 82 16 15 77 56 52 60 25 15 15 36 10 66 1 41 79 70 56 1 52 45 53 77 52 31 10 38 82 40 95 66 11 78 49 70 10 38 17 96 36 96 61 7 17 60 99 35 65 62 9 80 20 33 94 3 75 3 23 87 44 57 19 86 86 74 3 33 89 93 34 8 6 90 65 75 28 65 58 58 44 1 68 9 83 37 76 44 66 13 90 47 59 1 13 28 76 77 51
92 20 17 81 51 31 11 100 91 57 51 40 65 40 19 10 27 79 33 24 14 95 27 49 94 11 23 6 53 32 44 29 50 94 38 27 83 33 28 37 41 22 13 3 36 5 5 7 59 55 72 73 51 97 76 97 62 91 35 71 23 53 8 57 64 95 98 34 11 97 97 24 94 7 58 61 27 7 49 71 65 90 64 96 71 21 6 91 98 77 16 12 58 84 32 4 16 34 58 96
56 32 22 8 77 55 18 78 46 54 5 21 20 39 1 48 54 7 47 74 56 27 35 58 27 55 82 63 3 4 27 96 56 56 33 66 68 78 85 83 52 32 81 77 20 5 99 38 46 80 10 23 97 17 97 98 61 25 39 61 50 64 19 92 76 10 2 69 24 97 73 11 82 73 56 80 10 33 66 26 95 79 8 27 33 83 23 31 91 72 14 90 59 50 34 27 61 89 72 72
24 10 6 69 2 49 17 36 34 29 95 44 8 99 4 83 81 3 43 43 13 90 11 61 66 4 62 60 99 8 14 24 46 76 29 26 83 85 26 83 23 11 81 45 30 69 79 26 52 97 25 14 72 23 98 88 42 33 15 31 20 85 19 5 61 33 46 29 1 7 10 87 89 72 66 75 55 49 28 75 60 54 23 43 82 19 14 92 1 92 82 41 15 55 96 93 60 33 78 42
65 5 75 58 61 81 6 68 56 56 87 10 57 84 51 3 58 9 91 37 49 93 9 62 78 1 14 47 96 12 55 17 64 26 44 99 36 1 63 68 43 8 71 73 93 94 81 19 85 11 13 78 46 36 5 73 79 20 57 21 63 73 25 77 48 95 27 69 59 35 27 80 42 100 53 91 4 89 70 71 1 64 86 52 96 70 73 20 56 6 7 2 89 7 90 39 24 51 7 80
26 96 54 36 9 5 54 26 17 100 8 20 14 78 49 77 69 71 66 98 36 64 54 73 62 23 72 51 84 19 57 15 14 2 38 96 54 92 67 54 90 35 92 67 39 14 92 88 38 55 67 61 80 43 32 99 74 21 93 57 59 100 76 72 36 98 100 68 4 79 3 58 70 57 26 23 63 94 18 88 48 8 92 61 50 98 74 43 99 77 93 90 87 92 61 34 15 1 10 59
84 6 63 62 80 84 43 21 31 24 13 37 7 43 24 99 9 76 96 98 85 58 65 87 23 25 90 62 95 70 31 41 20 31 33 73 27 15 60 38 60 54 51 50 99 88 70 17 34 28 7 55 81 59 15 28 58 36 40 11 66 98 80 50 78 57 3 60 38 84 46 49 79 55 23 37 32 87 36 4 66 44 44 88 84 71 50 6 72 58 29 80 17 41 30 11 17 77 20 56
21 35 23 10 90 23 87 50 99 38 37 31 75 16 27 67 9 67 90 12 13 34 75 74 20 54 21 83 68 49 50 77 50 24 95 54 59 13 48 73 73 49 26 12 60 20 47 95 91 18 6 56 93 67 93 4 27 67 7 29 50 97 83 80 76 47 89 24 27 90 58 22 21 20 50 84 64 29 71 73 5 31 81 3 17 79 5 1 4 80 23 14 93 31 49 29 58 89 38 28
49 9 44 80 46 54 29 23 21 53 76 82 13 15 92 42 31 11 82 64 85 80 78 32 2 96 64 5 30 3 72 9 60 21 61 52 55 88 64 72 25 94 13 5 39 67 33 78 3 32 8 24 48 91 71 44 33 48 4 22 83 10 51 58 58 4 70 46 51 48 68 7 24 34 82 54 67 89 39 42 19 89 69 42 21 41 41 56 6 50 99 84 71 28 7 36 23 14 39 81
44 37 17 15 41 48 48 40 60 27 56 38 9 70 74 27 12 59 25 16 33 98 56 55 56 20 21 29 51 68 71 15 100 40 37 7 17 38 71 59 13 31 28 5 3 98 84 79 60 95 59 33 78 65 3 65 57 75 23 26 21 49 59 7 4 60 2 53 82 96 65 1 22 53 3 8 100 45 89 58 17 64 93 27 36 80 62 26 46 5 17 23 81 33 57 92 50 69 72 40
50 85 84 92 81 49 76 55 75 81 88 76 49 22 34 97 43 23 45 93 49 76 27 51 61 44 90 92 59 98 46 56 37 58 28 57 10 31 45 37 99 33 10 22 68 52 15 24 6 51 74 31 88 57 75 28 14 40 76 44 23 44 37 1 6 88 77 2 98 21 3 95 96 84 52 97 85 93 87 86 61 43 27 17 37 97 78 39 76 7 81 59 65 97 89 22 37 29 52 33
76 45 49 9 14 86 43 91 88 80 37 12 58 78 13 68 9 29 72 37 58 99 96 2 39 6 95 69 23 8 96 88 16 47 21 13 27 7 36 72 47 20 35 46 62 28 62 87 69 93 65 73 57 88 39 100 39 57 63 84 87 27 85 6 56 27 61 38 65 91 21 7 42 79 93 52 89 90 52 42 61 89 6 51 93 41 83 69 46 80 91 6 27 8 57 7 43 6 3 77
58 58 67 3 19 11 69 31 64 23 51 64 78 54 89 1 78 33 7 76 89 86 71 9 90 48 80 13 9 13 80 76 17 17 85 80 66 99 78 69 1 32 91 69 42 67 73 86 98 68 77 17 42 22 25 61 60 6 24 77 67 4 66 48 33 7 17 61 22 24 36 11 11 62 62 16 15 68 37 30 29 38 43 24 38 56 59 6 82 18 79 52 36 96 36 15 3 70 56 95
98 66 30 55 34 21 36 75 32 16 47 72 76 6 72 96 10 81 38 77 5 27 85 77 87 32 51 75 80 38 81 97 40 17 11 74 95 28 11 29 67 64 62 39 36 3 97 56 57 53 1 25 52 49 89 87 16 75 71 90 52 50 22 17 1 34 8 66 90 92 80 1 14 60 55 57 87 64 94 32 39 45 83 87 15 56 32 54 41 16 94 4 39 100 54 38 50 3 78 24
87 2 33 2 97 73 61 74 99 80 89 63 90 31 76 62 75 89 58 47 27 15 14 82 22 97 7 89 96 40 67 32 64 58 74 7 7 48 57 14 74 79 79 33 60 96 6 25 45 92 42 23 32 69 11 77 91 64 10 95 47 5 9 90 62 16 68 57 63 79 54 56 11 32 89 22 83 66 42 61 41 76 57 35 80 95 62 20 24 50 55 39 86 54 41 58 70 61 13 77
94 11 26 37 91 78 49 93 67 67 24 23 75 1 49 72 59 49 74 36 85 76 83 63 75 4 43 29 31 8 35 37 51 69 58 81 93 83 93 93 12 8 19 19 78 92 54 24 43 62 54 86 51 98 6 81 87 34 15 26 73 23 9 17 44 7 22 50 31 21 93 91 50 90 2 18 41 69 26 65 42 7 87 30 64 5 40 27 55 99 60 24 67 74 8 13 1 89 72 26
18 73 3 27 12 35 63 87 86 15 97 69 71 86 54 19 5 32 75 20 56 80 10 98 11 2 72 61 51 83 74 10 53 63 44 99 19 51 34 52 62 55 62 44 53 44 67 12 97 4 63 62 12 53 62 92 34 21 1 85 36 97 50 51 39 8 3 67 2 6 48 76 62 73 86 100 35 11 27 14 30 1 30 53 18 85 55 21 29 43 84 76 50 23 55 4 15 2 58 83
37 44 18 78 69 44 41 33 42 61 20 46 8 55 23 39 1 53 53 86 12 23 39 86 91 17 78 1 23 18 38 50 18 12 42 57 26 97 58 36 47 8 17 30 33 62 69 75 94 89 69 29 2 34 85 60 54 1 63 60 95 36 91 3 45 23 35 61 32 1 19 40 68 14 20 10 98 29 65 25 42 56 10 97 31 67 39 82 38 88 59 11 70 3 93 14 39 34 84 64
56 74 59 77 92 32 22 89 17 36 98 78 30 34 39 46 70 54 41 52 80 36 96 46 25 10 75 23 88 56 27 82 89 23 4 64 23 68 90 97 77 33 78 90 39 48 72 57 93 15 91 82 19 22 83 5 48 96 72 97 11 90 64 2 9 100 27 17 54 70 80 81 10 57 11 58 23 12 95 88 57 33 30 28 75 46 33 73 16 77 2 9 49 78 78 43 76 92 31 91
63 45 74 21 95 70 81 8 16 96 7 44 5 51 31 35 67 56 11 8 19 5 71 43 83 93 1 43 52 32 64 39 42 96 39 69 87 30 68 17 55 24 90 71 6 98 18 11 44 99 10 98 88 44 97 31 73 42 88 66 49 31 44 4 36 86 19 17 65 85 92 57 41 97 99 83 5 36 21 33 44 100 50 38 66 76 63 4 28 2 22 36 92 43 23 25 23 27 40 87
6 83 72 64 12 31 81 7 8 33 36 67 82 64 1 30 95 30 97 73 95 76 51 98 19 52 70 83 8 95 54 47 92 23 17 30 54 36 19 52 88 62 29 19 59 100 32 17 25 39 72 40 76 76 36 4 99 76 78 55 48 70 93 50 29 17 46 22 22 5 1 12 22 25 56 13 98 72 91 30 57 16 32 27 70 32 38 17 77 13 99 8 95 99 65 2 4 82 19 29
99 38 10 81 39 3 6 87 2 80 94 71 6 64 50 30 40 25 18 52 41 93 5 10 77 83 57 51 56 60 13 27 74 85 43 7 12 24 76 21 45 59 60 14 87 1 100 4 1 43 71 30 21 71 66 64 87 95 77 3 79 61 1 76 45 19 58 59 57 70 63 85 73 5 52 35 29 17 61 67 42 67 82 68 6 33 63 77 12 19 14 66 48 25 74 36 52 29 35 25
71 92 90 16 48 27 57 61 16 53 45 32 64 74 2 81 88 34 21 41 77 11 27 10 70 21 80 11 24 42 76 34 84 64 50 18 5 27 82 53 47 7 51 65 47 76 61 25 33 60 66 52 22 89 54 60 59 57 87 23 63 67 18 7 48 55 74 85 34 95 80 8 27 61 39 64 41 74 91 50 76 13 13 40 94 50 49 16 38 31 73 98 48 67 79 20 36 28 34 52
96 41 99 85 77 42 34 64 85 41 88 87 41 21 68 41 73 6 45 87 64 89 42 90 61 53 25 11 79 61 57 74 54 47 55 60 76 93 55 73 45 32 85 58 80 77 68 75 22 50 43 60 78 25 64 24 45 7 64 95 25 1 77 18 36 40 32 6 24 85 64 27 82 14 68 9 53 97 36 66 55 45 19 92 83 94 41 65 80 22 61 14 15 30 3 97 19 96 10 92
27 44 48 66 47 28 96 72 14 8 65 75 38 35 64 23 44 56 93 9 87 79 86 8 95 70 16 12 37 64 6 13 15 4 16 49 90 66 63 44 31 56 30 66 10 91 44 18 14 41 78 6 58 38 76 13 47 5 90 35 22 24 57 47 76 90 33 77 9 86 76 4 39 48 15 90 32 68 90 34 84 45 27 2 12 59 36 82 44 27 38 1 58 57 15 26 23 23 66 57
11 39 64 41 98 6 80 1 60 97 6 8 59 43 13 7 69 50 50 31 36 11 84 42 70 47 71 46 80 46 64 77 6 31 2 18 96 58 38 92 40 1 7 74 60 36 39 90 59 34 24 15 54 15 59 27 34 15 6 91 95 81 63 16 26 1 74 52 66 47 68 56 36 33 83 5 51 15 54 97 47 47 63 18 43 1 21 45 10 61 63 87 84 10 9 74 60 34 47 30
30 68 44 77 71 36 83 76 84 53 91 96 91 56 51 84 20 87 4 4 6 46 52 83 84 80 13 29 27 94 82 36 70 29 100 41 6 40 29 58 84 25 34 45 18 6 81 55 55 17 85 51 58 95 65 50 52 27 30 17 63 76 61 14 21 33 7 72 34 70 50 31 41 47 5 86 27 92 89 50 78 59 84 29 47 18 33 12 72 40 57 40 40 94 45 56 91 98 89 98
4 87 47 26 42 46 85 63 24 50 29 56 12 35 83 47 26 69 100 99 95 33 64 97 8 90 51 4 7 83 49 34 67 52 78 90 18 52 48 70 68 81 61 57 30 60 73 82 90 15 16 23 1 54 45 40 58 61 63 90 85 55 32 1 54 17 70 78 22 13 25 11 57 97 72 74 37 24 26 3 53 43 68 84 93 12 95 55 17 23 56 94 20 75 11 56 66 37 56 67
32 39 3 6 26 88 17 40 78 86 88 25 61 86 26 98 2 37 16 69 63 90 58 28 12 7 88 62 3 8 37 99 70 70 28 97 80 19 90 99 66 98 5 78 28 73 19 48 33 51 37 81 68 83 27 47 7 53 36 69 10 35 69 43 61 68 54 3 49 51 14 25 46 54 65 13 98 4 32 64 21 82 77 17 61 66 55 81 65 18 52 31 48 18 74 90 3 31 4 82
62 87 61 69 72 66 71 21 25 59 33 25 27 88 11 16 24 97 3 94 61 93 46 43 94 69 77 68 69 40 60 25 56 40 93 32 14 57 39 90 88 15 21 91 47 14 81 31 6 19 54 75 96 67 42 2 62 46 68 77 37 24 80 81 1 31 33 64 94 90 14 74 24 5 99 50 50 71 21 62 62 61 93 39 50 61 20 96 53 25 90 64 34 53 35 92 57 7 55 80
40 13 22 96 89 91 77 100 43 40 6 14 27 74 15 66 45 95 69 15 24 81 49 6 20 53 76 69 53 90 7 15 68 34 37 75 44 67 92 52 59 5 34 77 99 92 52 59 44 66 72 91 90 7 52 30 79 52 24 84 88 42 45 89 92 19 80 71 63 85 59 60 70 4 28 31 61 7 31 32 68 65 18 58 45 53 67 52 56 45 83 85 63 66 12 7 53 18 38 64
71 9 48 69 27 12 61 82 20 85 55 13 43 11 30 41 9 88 13 43 97 86 83 45 35 22 24 83 77 9 12 52 1 86 80 98 20 41 8 11 76 95 8 83 66 10 28 71 1 91 68 21 34 6 42 29 92 77 88 81 59 74 87 81 82 54 50 41 70 77 28 64 9 65 84 38 5 45 11 16 38 64 11 63 80 55 57 86 62 69 49 93 66 99 27 86 50 65 82 97
39 28 61 51 2 70 44 64 13 86 66 50 55 73 77 51 58 72 21 71 41 9 56 33 74 96 2 74 78 39 98 20 73 8 60 81 76 37 98 57 75 22 3 38 58 10 49 34 49 71 58 87 44 98 54 61 23 49 25 23 44 37 19 1 59 38 40 18 60 76 6 53 81 28 10 49 90 82 70 18 72 65 94 53 86 72 3 26 97 92 32 1 9 67 92 69 20 82 58 61
82 43 15 84 14 48 42 93 34 27 74 88 80 4 41 1 87 74 24 43 34 7 71 25 32 7 33 19 24 94 13 52 85 16 8 68 74 4 24 84 33 53 55 38 90 43 19 91 100 49 60 85 59 44 29 29 4 59 8 67 23 4 75 6 71 12 90 18 23 37 89 27 39 1 51 49 32 38 87 58 64 64 76 11 37 71 76 69 5 26 28 26 19 21 38 70 62 10 90 73
51 63 35 34 86 34 54 69 25 58 15 78 86 53 73 6 59 50 33 44 96 11 77 11 48 59 97 99 98 16 92 58 75 63 9 56 87 54 48 36 78 28 74 65 39 89 35 57 45 34 74 48 23 46 56 67 98 99 47 69 47 44 94 72 56 92 15 48 55 35 73 15 15 100 44 87 100 78 91 52 83 90 43 47 55 43 63 22 44 62 17 3 53 23 84 96 43 16 48 61
56 94 8 65 28 44 63 12 96 80 15 97 79 45 1 76 45 71 89 63 13 18 18 30 98 28 47 24 46 70 55 45 75 78 87 30 51 62 84 76 86 53 38 66 42 67 100 64 13 55 42 43 71 14 20 65 95 45 98 26 27 49 15 97 19 76 31 53 63 34 70 75 65 26 94 72 93 55 73 88 58 8 99 7 39 29 57 18 5 45 33 34 21 17 48 17 38 58 14 19
10 84 8 89 96 93 89 65 92 69 63 44 92 77 78 47 29 54 53 22 76 98 15 46 82 39 53 97 73 45 49 20 59 70 48 19 56 34 93 53 3 75 63 48 2 24 37 76 7 97 75 89 14 5 75 66 48 50 61 34 27 90 98 44 74 8 67 61 24 57 56 48 67 18 90 63 33 25 1 37 83 13 9 98 70 53 44 59 44 34 24 69 64 98 8 94 16 5 62 98
80 75 56 42 17 25 80 48 100 98 10 28 26 57 66 91 59 100 11 40 93 38 19 46 35 62 79 25 69 35 63 19 34 95 61 98 5 24 10 30 23 54 90 53 98 67 3 14 100 85 100 80 65 8 84 4 19 31 43 13 88 25 71 62 82 43 26 78 61 93 46 12 86 73 59 6 19 64 84 67 87 56 76 40 47 50 78 86 2 94 81 44 83 74 27 86 84 6 11 84
76 38 9 88 25 9 45 69 58 88 50 87 72 32 79 34 34 15 62 79 70 97 57 28 9 100 1 61 68 5 23 37 7 83 76 1 34 11 38 44 44 47 26 58 89 84 75 11 54 12 9 75 36 83 81 45 1 98 3 87 58 88 85 68 12 4 1 14 5 80 67 2 2 100 44 35 93 44 40 65 7 41 37 59 85 54 98 6 20 41 28 43 30 54 25 40 2 69 57 14
85 42 93 66 23 62 2 8 26 37 64 69 40 59 69 22 47 62 94 45 31 93 17 47 91 94 3 1 32 15 11 31 61 54 39 11 47 32 34 77 8 39 81 34 38 59 16 99 95 22 40 34 3 51 53 60 80 64 43 50 97 49 21 93 74 24 36 93 77 48 20 65 57 61 28 96 44 88 85 29 70 52 47 28 32 15 65 97 1 81 10 35 74 65 52 100 49 70 100 3
19 68 6 41 26 55 19 24 4 79 15 47 24 36 59 22 100 78 81 74 74 42 99 78 73 99 29 24 60 90 29 44 45 74 62 85 71 48 58 53 39 12 31 94 96 15 60 53 41 44 83 76 14 68 53 18 21 99 1 32 13 68 27 35 79 3 56 63 44 1 64 46 34 3 33 53 12 97 12 5 50 69 2 54 39 80 7 87 70 25 45 41 55 2 56 39 16 99 61 36
8 89 31 75 65 12 2 15 2 3 20 57 3 32 30 37 94 87 56 3 27 71 80 87 13 49 9 16 55 96 74 92 79 12 3 36 38 79 34 63 51 26 14 46 12 23 63 84 7 11 49 95 15 16 17 30 49 9 8 2 62 21 79 100 94 28 85 77 60 89 98 90 73 19 64 58 98 61 63 47 69 32 4 47 50 94 30 77 51 21 30 12 63 22 17 93 98 6 72 63
33 53 22 29 6 16 17 43 95 41 51 66 36 59 53 75 53 97 53 32 40 93 54 67 55 29 90 75 65 15 3 58 79 22 98 23 36 64 55 56 70 94 18 90 60 21 13 18 77 93 96 72 5 55 41 49 43 26 89 50 39 28 41 33 75 22 20 9 46 90 87 25 83 85 69 19 42 94 74 64 69 82 100 45 63 29 25 78 6 61 49 80 98 58 83 3 31 15 40 29
86 92 58 39 55 28 86 73 11 41 18 95 51 61 98 98 48 39 44 14 84 74 21 68 47 13 85 86 81 86 52 71 73 48 85 64 70 27 18 87 29 86 66 59 23 30 22 27 16 32 86 91 89 52 79 59 35 79 22 87 4 53 99 30 13 62 22 84 6 47 94 27 16 6 41 70 2 9 14 47 85 32 67 61 48 10 46 78 96 31 66 6 65 4 12 96 49 23 42 68
81 3 67 38 10 54 66 26 72 93 79 100 90 15 23 81 65 92 45 81 16 63 93 75 90 57 64 67 33 95 55 60 28 78 77 9 44 6 78 58 73 20 55 73 74 12 42 11 6 5 79 40 23 46 13 19 58 46 54 83 24 33 39 94 2 66 39 70 46 25 72 1 3 74 5 54 95 38 11 44 17 73 31 46 5 13 23 32 20 34 17 94 12 22 5 35 99 39 63 8
72 65 71 91 51 3 44 1 61 37 86 58 59 15 94 44 50 65 93 99 43 45 59 46 64 37 83 45 11 40 87 13 62 82 16 91 58 76 82 48 92 65 99 97 75 50 22 86 16 5 69 19 84 30 11 90 98 40 35 73 2 97 48 46 11 90 88 29 92 46 96 26 2 90 76 72 72 28 5 15 17 94 100 71 79 50 20 25 81 85 89 74 5 71 69 34 84 21 47 81
62 59 26 15 15 15 87 87 42 85 77 70 44 38 99 98 66 86 49 57 48 65 3 43 52 18 74 84 34 27 3 57 48 68 95 19 95 37 26 98 96 22 39 16 6 91 21 13 29 81 19 86 58 71 53 88 24 84 30 35 64 99 7 34 56 90 57 64 6 15 2 87 28 9 13 5 93 91 69 38 68 91 60 22 55 85 41 17 25 21 8 20 3 12 71 93 2 73 69 27
4 80 71 65 3 16 18 51 72 16 23 59 92 81 2 20 79 90 34 53 85 31 78 63 9 94 9 97 18 99 84 83 38 54 78 4 71 68 77 42 2 70 100 15 41 30 79 45 77 13 29 77 85 32 19 96 100 25 9 87 87 3 74 81 93 8 38 86 6 24 39 67 73 88 29 4 27 69 63 54 58 86 32 92 8 50 62 7 7 53 18 2 96 28 78 44 45 35 32 83
70 82 31 76 76 68 60 18 9 43 25 17 64 38 79 16 13 37 56 2 52 44 71 27 21 91 68 93 50 53 31 60 97 8 44 59 92 34 94 4 82 94 15 47 66 7 64 94 40 12 54 6 56 47 25 68 34 89 52 2 52 30 45 5 11 92 24 52 11 14 37 48 2 76 77 67 89 82 9 42 34 32 29 76 62 95 30 42 33 15 89 65 17 38 2 78 65 29 8 70
70 49 83 84 25 87 74 97 58 62 43 13 92 79 19 48 95 23 26 7 1 13 40 4 97 30 40 94 98 20 72 64 24 26 19 26 81 34 55 64 72 51 21 82 46 82 84 7 35 11 54 2 89 48 36 88 14 38 36 23 31 4 10 100 34 39 53 34 67 15 33 43 2 69 57 72 58 55 2 77 28 59 3 26 20 6 74 86 68 3 55 21 77 15 37 65 83 67 74 91
67 33 98 18 12 89 83 83 49 68 81 42 7 79 81 27 24 16 43 45 74 25 23 78 76 56 16 2 21 85 28 19 96 32 44 70 10 8 45 68 48 38 1 92 54 16 100 30 94 100 64 82 24 41 29 2 65 11 7 63 30 95 27 8 69 55 38 87 14 28 3 15 70 45 75 87 73 96 3 83 68 47 64 18 67 25 43 22 62 69 51 91 12 87 78 80 99 35 93 6
60 78 78 72 16 76 45 54 97 91 100 25 35 9 72 23 25 18 73 9 81 81 68 27 13 18 38 68 13 1 84 75 15 47 8 78 97 92 92 7 15 21 41 90 72 27 41 89 26 74 35 40 70 40 86 42 56 23 96 34 97 18 78 35 31 50 37 36 86 19 77 88 30 69 6 21 93 79 93 39 64 43 54 65 74 85 90 91 14 47 77 93 67 43 95 41 14 19 24 1
98 67 7 35 31 30 25 25 40 52 92 41 81 66 85 21 22 32 6 98 98 100 77 80 66 19 90 91 26 14 86 93 84 70 24 82 5 80 17 36 84 41 36 68 87 8 68 52 45 27 97 58 75 47 10 35 75 78 62 97 1 67 52 45 60 57 22 71 60 69 66 22 57 77 83 64 82 6 96 67 10 28 96 71 10 8 97 5 70 82 89 66 1 40 57 61 59 41 83 99
83 47 6 98 15 69 95 54 29 47 21 14 83 7 53 98 30 94 68 86 79 80 85 16 83 19 48 10 7 36 47 85 16 4 44 78 12 79 9 58 30 69 73 88 23 83 17 43 18 69 91 80 88 100 83 12 97 26 25 45 21 4 95 69 61 43 1 48 17 26 34 51 39 87 9 56 89 74 34 57 28 26 31 76 51 54 48 30 12 58 99 36 37 15 73 24 10 77 78 57
34 1 71 32 2 47 93 12 81 79 81 72 28 98 29 67 41 78 5 44 62 53 84 43 60 47 24 4 97 44 57 45 70 22 60 28 8 100 90 53 5 81 10 57 65 93 6 78 18 91 2 37 17 76 3 4 41 96 56 10 81 58 8 87 12 7 53 15 84 6 92 85 56 77 33 97 57 49 96 26 22 80 91 42 84 37 29 48 79 23 34 89 44 78 42 67 33 68 5 71
97 58 69 49 39 35 20 100 9 18 100 9 95 16 40 2 28 27 46 42 41 22 90 47 26 100 72 71 28 39 2 51 95 36 38 76 3 69 27 33 58 72 69 10 22 83 62 58 18 84 33 50 21 8 69 96 73 83 10 15 70 23 2 85 64 84 70 63 2 51 52 72 33 40 6 37 6 46 76 61 4 81 81 27 9 37 88 22 23 89 83 87 87 67 8 7 17 8 8 78
88 33 7 85 53 63 98 75 59 32 94 13 11 42 24 38 98 48 31 80 3 58 79 18 78 56 63 100 97 7 19 88 24 8 23 42 38 77 73 80 21 42 24 25 65 77 5 90 2 32 59 10 63 100 11 87 39 42 76 75 21 22 70 11 18 85 79 42 56 22 79 79 7 91 7 6 36 53 61 6 17 20 56 85 29 17 13 32 20 89 59 70 35 15 21 98 92 97 52 71
84 73 91 12 76 61 75 79 16 76 38 14 86 3 88 75 80 48 57 6 11 50 9 74 100 66 59 29 66 31 96 85 3 100 38 87 23 97 34 15 13 9 20 58 10 76 96 46 53 40 95 45 45 60 95 79 3 6 36 50 74 81 43 13 16 51 64 65 4 9 73 93 78 12 1 43 66 1 10 74 72 42 31 65 35 65 86 54 92 64 55 18 1 26 33 90 83 58 3 73
76 15 1 97 45 3 63 2 62 4 91 93 5 27 9 84 24 68 92 46 35 45 59 86 46 40 62 14 95 71 91 34 68 96 100 17 14 49 94 83 13 88 93 61 37 38 35 69 75 3 39 1 8 32 62 2 14 18 64 27 60 15 89 27 74 87 11 96 39 81 22 66 39 78 55 55 80 55 17 9 73 32 62 22 4 12 96 38 25 31 11 21 24 77 44 75 79 86 45 87
59 31 75 3 93 87 14 89 96 93 36 13 58 72 29 36 66 30 85 46 52 7 42 70 8 6 69 51 94 89 13 44 39 98 73 88 13 9 47 59 58 24 37 28 83 41 86 100 51 62 46 30 89 37 13 84 77 55 46 13 33 54 89 32 47 36 35 42 96 37 35 13 22 18 47 89 97 30 29 22 12 17 11 58 36 100 77 93 33 31 58 67 6 83 89 65 50 70 19 30
97 3 52 40 37 16 20 89 49 7 96 13 12 69 77 81 14 22 84 54 27 83 45 46 37 37 82 70 38 31 81 7 60 47 84 95 71 28 2 81 23 34 97 64 54 1 81 93 1 56 13 79 6 9 86 22 8 68 25 74 71 26 64 76 66 9 62 37 63 47 30 91 95 21 49 41 47 88 1 8 97 85 17 93 73 87 1 42 33 85 18 17 51 22 9 83 7 46 34 4
6 99 40 75 12 94 58 14 86 94 75 58 13 49 7 18 87 35 83 85 47 36 93 87 19 63 92 33 89 75 49 1 50 15 21 82 5 1 7 9 66 3 58 29 84 8 53 74 70 91 54 48 31 20 16 87 84 9 87 29 60 39 77 22 28 22 76 59 15 28 81 76 17 65 87 10 6 14 8 14 56 27 48 54 52 24 28 19 60 98 48 39 57 1 45 94 16 63 17 66
52 52 14 96 62 81 90 70 100 18 65 82 55 73 11 90 36 83 97 98 49 38 29 87 83 60 5 46 4 49 84 28 81 14 56 3 2 95 2 63 3 2 32 88 43 83 36 62 60 66 7 89 33 20 12 65 10 93 23 99 8 23 86 4 23 14 75 35 31 27 21 60 78 31 34 22 78 14 17 80 74 90 62 70 99 57 75 80 1 24 90 90 93 56 73 85 92 40 72 8
65 24 77 93 52 34 44 78 48 34 31 71 44 50 26 21 85 47 78 15 65 13 70 14 30 71 23 16 49 14 34 16 9 34 34 42 83 10 28 17 28 56 39 12 23 85 72 35 54 64 71 21 30 79 56 92 76 87 66 44 85 63 99 59 33 12 15 34 45 55 33 44 79 96 23 87 43 64 78 53 91 73 36 32 45 35 69 64 73 87 24 88 30 24 54 90 94 40 50 72
44 19 78 16 60 54 38 73 38 94 23 33 28 66 43 9 6 61 64 11 83 15 80 36 84 60 59 91 59 86 49 89 54 84 92 73 74 23 92 51 86 58 32 31 89 28 44 100 7 95 77 96 39 98 68 70 71 13 90 72 77 76 5 24 82 72 58 94 27 25 54 40 81 75 27 20 63 27 78 38 15 49 86 34 24 88 98 9 26 77 12 100 53 98 14 28 55 71 96 78
30 62 81 53 26 89 13 22 4 26 12 49 71 50 1 88 74 37 91 85 1 96 73 44 69 25 29 91 34 91 62 54 5 7 78 87 52 75 87 72 51 25 1 99 16 13 83 82 12 88 54 34 92 88 28 53 10 73 29 95 55 45 79 5 34 4 75 28 64 80 73 8 77 21 76 55 44 25 77 51 94 97 68 26 5 93 84 57 30 70 24 91 87 54 85 33 21 7 35 87
10 80 79 82 64 2 54 80 74 70 85 6 95 79 8 5 31 45 69 88 35 66 75 5 25 74 13 34 86 37 81 61 77 70 80 97 96 58 78 45 54 68 49 30 11 80 87 65 56 75 33 36 95 51 44 66 1 54 95 6 82 59 57 15 8 70 28 70 84 20 74 73 86 40 70 95 85 67 24 44 91 31 65 18 77 14 70 56 24 12 86 82 34 100 4 91 49 68 85 20
18 27 43 1 75 5 46 8 65 54 33 50 34 26 41 83 6 15 68 91 42 45 19 85 6 73 68 48 17 72 84 80 30 12 69 74 8 93 38 79 81 44 47 5 47 14 93 34 52 90 52 23 29 54 80 9 95 40 27 15 97 6 9 37 3 18 59 59 53 91 60 12 50 2 59 15 64 88 11 78 37 72 84 70 4 2 14 25 44 90 53 76 56 12 5 91 85 36 1 88
86 7 94 29 3 49 86 74 26 1 55 6 73 52 52 68 62 92 49 15 88 55 87 86 97 93 15 43 41 71 53 20 40 65 27 11 42 81 69 77 36 18 11 86 21 46 63 47 42 71 50 27 14 35 46 98 20 68 32 10 24 28 57 34 82 19 21 66 16 18 86 75 42 89 56 92 78 2 75 39 17 63 97 52 59 59 55 25 19 66 89 63 76 30 72 44 16 99 100 23
27 69 96 42 40 43 53 54 83 28 39 1 1 20 87 39 24 69 1 25 6 27 66 84 45 54 35 41 4 77 63 55 59 35 10 73 15 19 80 34 58 37 79 75 93 6 58 18 13 26 13 14 48 45 20 63 39 98 55 58 21 58 31 17 32 22 79 8 89 8 68 21 63 31 87 57 39 97 49 62 5 44 72 91 44 30 50 99 94 67 16 61 30 98 1 18 77 91 16 76
7 31 75 65 85 98 50 8 18 14 71 65 39 49 34 7 15 88 74 49 75 89 20 61 82 47 48 16 48 26 38 69 47 33 84 17 47 42 100 81 58 79 11 52 35 57 93 45 25 35 43 83 96 54 45 63 42 15 31 31 43 30 34 37 47 13 22 13 43 30 84 70 75 89 60 4 37 88 57 29 26 37 72 73 69 80 34 22 41 67 35 99 62 48 58 15 64 65 8 67
96 75 69 91 34 27 66 22 72 97 55 63 26 63 1 9 78 96 7 43 50 35 40 29 88 8 48 61 57 58 20 1 49 31 61 88 38 88 11 3 50 29 68 83 88 79 74 33 76 64 97 88 82 66 6 7 86 94 65 37 94 31 98 93 70 24 60 56 42 38 13 48 75 6 82 47 43 54 53 2 5 14 10 23 19 87 90 9 34 42 68 3 84 17 61 52 89 4 27 96
91 88 53 94 89 32 75 46 39 96 50 77 48 8 16 81 61 96 87 45 79 59 1 34 32 91 50 20 60 18 91 97 84 2 30 68 39 28 13 31 13 18 83 36 100 29 57 55 3 82 91 31 15 67 14 75 26 47 7 93 42 14 68 33 63 27 33 72 64 88 90 80 77 18 63 9 64 97 86 9 35 63 90 81 84 78 6 8 37 93 66 77 14 70 13 96 22 47 51 88
19 62 77 78 47 93 2 42 78 9 28 26 68 59 78 26 9 85 91 49 60 73 74 57 8 40 93 46 52 65 94 6 9 67 5 30 83 75 45 86 57 98 67 65 86 80 97 57 47 84 94 73 62 21 39 1 68 35 86 94 99 2 50 85 61 16 72 91 58 91 32 9 72 27 57 58 21 44 97 95 67 20 67 58 71 31 2 84 39 24 8 97 55 34 57 32 11 77 70 30
55 51 76 30 41 2 60 26 54 21 33 85 53 57 33 58 80 55 29 38 71 60 57 96 72 43 11 9 26 60 44 12 85 57 79 86 59 11 9 15 40 99 74 13 37 74 53 100 79 30 39 28 62 30 95 62 98 94 93 64 41 16 71 5 33 40 61 21 41 87 90 65 60 76 46 53 49 82 21 6 16 21 42 50 12 37 40 76 40 47 15 87 24 79 65 22 26 21 18 90
93 99 60 1 98 77 98 34 98 74 79 41 71 99 17 58 12 94 93 35 58 81 6 93 76 19 9 73 29 95 9 8 18 65 79 48 40 99 86 31 75 94 65 83 72 40 5 14 53 58 90 76 70 49 10 27 37 26 9 53 64 47 62 2 29 92 75 69 99 75 98 90 82 31 75 21 21 44 31 62 60 77 72 34 97 64 12 93 34 20 77 50 53 83 10 9 3 37 28 37
68 68 82 67 88 40 60 76 56 88 49 29 54 69 87 13 25 93 95 17 48 77 34 82 93 92 48 77 52 4 85 20 95 87 22 99 6 88 44 51 27 99 15 50 37 20 14 99 89 97 12 21 99 98 40 52 43 37 17 13 20 47 94 97 86 32 19 97 97 26 66 98 10 47 83 16 2 17 10 80 94 82 94 34 72 81 55 38 49 56 12 41 6 19 66 5 26 57 13 66
100 80 47 21 34 79 24 54 66 94 89 2 46 75 74 21 48 36 11 98 90 10 18 88 15 32 65 96 35 66 19 45 85 74 86 93 40 55 75 22 36 12 17 48 21 35 38 42 80 14 27 8 40 35 66 99 23 44 15 35 39 31 91 83 33 78 76 4 63 34 8 37 88 57 37 42 48 80 8 30 80 69 31 16 71 31 19 76 84 79 43 9 76 29 16 26 39 73 46 35
39 63 27 24 81 72 21 74 29 41 40 100 33 34 21 33 68 74 78 37 47 60 33 75 19 13 26 40 42 50 32 54 39 4 91 92 91 4 40 56 70 43 50 78 44 39 44 40 74 52 20 4 5 76 21 21 27 7 38 50 80 31 69 36 23 84 57 32 71 82 69 98 51 8 73 60 3 33 2 20 62 23 50 21 68 74 98 56 21 17 20 18 63 11 7 13 23 67 53 45
38 21 6 15 11 88 33 92 71 50 81 20 26 4 93 84 61 67 56 29 85 77 81 26 87 31 58 44 51 52 74 91 81 44 23 51 60 18 52 74 5 88 7 36 4 84 95 8 45 77 45 69 91 17 84 1 54 74 60 14 31 97 3 62 96 39 43 34 21 95 71 97 94 18 30 20 21 54 62 13 69 100 57 49 53 52 89 60 31 84 72 52 57 69 58 85 50 31 35 55
91 83 8 95 26 18 25 18 60 73 16 40 38 93 44 78 100 4 16 75 27 9 93 82 74 16 60 46 63 87 40 70 31 43 32 25 83 27 23 25 52 52 79 83 13 88 51 15 76 39 34 67 97 78 4 94 82 64 35 41 16 40 23 28 77 92 67 80 52 34 70 73 3 65 83 56 32 33 80 14 69 38 78 30 74 89 34 39 75 44 30 47 94 43 44 26 80 73 20 13
72 81 6 40 33 86 2 78 63 56 73 84 60 89 89 67 17 36 57 55 92 38 61 28 38 45 57 86 70 70 31 97 95 96 67 82 46 50 13 88 70 50 28 84 99 1 77 66 96 49 9 8 5 56 84 58 35 91 37 57 43 32 52 6 84 54 22 97 30 38 77 80 14 94 35 37 6 52 12 89 94 68 28 70 18 28 93 67 28 51 27 46 74 29 51 21 22 59 24 3
69 89 48 68 77 88 34 72 98 50 40 95 34 36 26 12 7 34 39 24 46 71 16 68 57 32 36 63 61 50 90 55 92 34 10 71 6 16 9 87 36 31 20 78 34 21 79 28 74 50 75 29 75 47 31 30 69 19 10 45 84 35 11 74 43 61 31 29 90 40 91 43 8 70 94 43 89 62 49 81 27 20 31 43 31 31 69 25 56 2 48 59 95 49 78 7 74 98 50 38
54 8 3 77 22 31 70 94 71 36 22 77 91 58 7 37 79 56 43 68 45 85 98 77 42 39 41 15 65 23 84 12 86 98 17 45 37 27 44 55 60 59 79 56 38 68 97 68 65 85 57 48 89 40 12 87 51 66 86 78 69 5 64 73 79 80 42 85 11 18 35 16 97 99 90 23 44 96 32 76 76 93 2 2 24 17 92 46 98 45 45 34 81 58 91 63 10 7 35 12
82 22 51 97 65 30 30 87 73 99 53 12 25 62 86 23 59 67 77 63 98 98 22 33 33 35 20 80 33 25 41 28 60 66 81 47 90 96 22 37 80 49 7 87 63 15 81 86 91 4 34 5 21 40 52 28 15 31 69 41 3 18 51 68 61 43 8 60 73 6 7 39 48 52 70 49 13 61 93 1 42 79 95 28 36 84 80 77 17 25 57 74 27 67 89 64 55 15 50 17
41 62 36 57 44 99 87 79 31 75 69 92 23 89 6 34 76 77 66 85 100 39 53 21 31 42 29 32 41 20 23 61 30 94 86 100 97 39 53 21 90 2 16 100 21 3 2 50 27 53 18 58 90 23 70 87 63 16 24 95 48 22 33 83 83 39 9 91 11 77 99 26 92 76 51 12 14 19 13 41 50 24 45 91 1 68 68 93 11 2 73 17 63 74 91 48 87 32 93 73
92 98 20 35 1 82 77 12 10 44 90 31 18 79 39 74 74 41 88 71 56 20 8 72 79 13 52 35 19 27 58 20 10 15 20 72 6 22 82 63 8 99 58 68 85 23 78 29 50 44 12 70 41 85 4 34 73 76 79 5 31 44 76 90 77 45 81 72 3 27 60 4 86 47 92 4 75 33 63 70 64 6 47 100 70 21 14 95 6 40 34 98 50 38 12 99 57 2 60 33
