57 19 26 99 36 31 10 69 140 171 71 48 40 56 119 83 20 93 114 142 20 150 124 126 177 111 38 189 175 117 83 81 23 21 11 88 198 13 83 206 180 65 70 35 121 78 136 117 48 135 126 153 130 155 167 198 61 132 78 50 110 32 10 33 83 202 157 133 114 122 7 147 59 75 30 178 85 14 99 66 191 151 74 74 145 135 30 165 91 71 59 33 72 125 137 183 7 44 24 209 41 130 155 81 70 153 188 96 78 205 63 55 126 55 110 63 192 97 90 175 39 115 195 22 26 19 196 170 156 134 152 4 79 126 58 159 5 12 140 82 66 42 206 186 142 88 168 68 181 64 148 107 1 74 193
78 4 154 131 156 200 206 154 168 141 110 44 72 142 71 32 173 151 109 102 53 147 42 39 44 153 93 210 58 3 89 102 196 63 147 69 169 154 141 142 142 38 139 207 155 111 137 107 1 179 198 82 62 17 154 183 28 68 199 88 208 11 66 171 209 26 55 146 91 149 154 78 63 99 163 108 203 115 104 191 143 25 83 88 208 80 50 10 200 136 1 94 139 140 139 161 56 186 185 157 85 32 44 185 157 172 126 22 26 28 105 31 121 65 103 116 71 164 114 183 210 59 174 209 115 82 74 60 97 62 94 136 94 134 113 130
149 122 168 202 199 177 68 3 155 186 187 14 148 171 178 168 50 31 47 213 211 21 26 199 194 18 155 54 202 5 111 163 65 22 97 78 185 60 193 144 173 24 173 140 185 36 27 90 114 141 179 44 131 124 29 154 160 13 180 154 76 129 77 197 53 23 52 56 86 114 57 152 191 156 112 166 149 133 4 37 29 152 127 9 39 193 174 144 49 7 193 93 8 182 77 72 120 167 38 123 16 165 54 13 61 136 137 183 173 29 132 92 210 30 5 67 7 60 27 202 77 109 156 82 167 50 6 74 208 144 12 121 55 104 32 5 118 135 39 204 199 6 188 176 93 100 94 28 180 206 100 150 39 122 23 206 213 121 59 203 79 192 120 81 47 107 177 21 24 66 164 186 199 125 167 129 179 69 54 127 165 98 8 12 89 181 21 49 189 179 167 72
158 145 174 75 72 42 15 212 30 18 110 44 206 178 66 93 15 92 160 181 199 69 59 94 156 139 71 193 35 125 129 36 81 65 88 154 156 164 65 199 168 110 101 44 65 169 130 92 153 57 149 131 194 194 52 88 176 82 63 104 3 192 171 21 202 27 153 179 107 151 81 139 161 37 201 71 15 139 111 88 24 82 16 11 50 115 36 160 152 140 209 3 166 62 49 173 177 165 183 147 117 191 186 92 39 7 167 214 157 181 156 200 61 4 146
49 78 112 171 188 199 75 4 106 206 191 39 36 47 70 211 48 85 99 193 206 86 193 209 137 165 60 92 39 107 99 22 30 106 56 159 207 63 193 134 172 85 69 91 135 73 4 154 182 20 50 25 21 131 182 204 17 99 90 53 104 7 128 83 179 175 56 174 48 66 100 67 59 41 118 86 107 191 115 198 125 130 60 174 54 208 150 86 152 126 170 22 183 144 215 50 160 6 8 150 46 15 29 176 177 35 88 19 191 127 164 148 90 108 112 14 138 204 32 139 46 152 172 139 63 136 208 207 11 185 147 52 174 115 113 89 121 151 8 61 75 108 136 98 117 138 172 205 29 140
51 20 154 55 83 168 163 21 6 17 160 27 74 94 25 62 63 152 86 134 145 119 146 38 111 194 192 42 164 111 101 25 99 179 122 52 152 53 62 87 111 13 101 101 38 98 93 165 70 189 178 100 216 91 13 174 174 210 8 123 37 43 13 133 58 71 60 66 77 138 183 185 44 5 66 176 126 207 100 21 9 129 158 43 138 77 118 203 202 192 189 102 184 204 111 145 66 92 29 174 206 96 169 215 127 212 60 39 174 161 178 66 167 9 73 71 50 165 108 154 98 149 168 36 71 26 185 106 56 180 40 133 209 52 125 178 84 96 146 138 80 105 77 198 50 211 200 215 165 194 55 12 74 199 47 203 197 178 154 174 97 65 202 196 161 139 139 6 22 205 194 189 57 47 195 140 15 39 164 8 174 176 14 206
101 155 168 36 153 49 169 145 188 90 91 196 108 81 74 201 43 99 179 88 16 103 76 205 152 28 28 209 152 48 33 100 116 18 17 58 141 56 12 60 138 56 157 212 50 67 68 215 11 52 139 63 51 99 62 165 179 146 93 143 87 96 148 50 17 152 164 213 203 191 27 106 118 67 214 60 112 158 30 140 24 23 193 202 40 57 132 216 209 26 68 19 40 112 43 52 55 78 147 148 132 22 211 11 114 65 170 200 54 91 188 35 77 138 14 23 29 29 29 123 202 204 75 101 168 37 12 89 70 210 24 122 211 137 209 208 192 178 56 89 126 123 188 131 17 53 36 130 164 40 48 141 98 144 126 127 150 41 205 118 142 200 124 65 128 71 185 153 206 128 108 212 102 37 93 14 15 73 168 32 45
31 9 187 14 25 107 151 180 168 122 23 85 216 169 48 95 51 98 195 185 52 154 49 90 151 198 14 209 56 27 52 218 95 95 50 170 157 105 133 101 117 9 98 207 213 55 53 90 18 150 195 47 144 102 94 113 192 137 93 130 19 188 161 143 167 78 96 72 20 83 84 88 158 206 80 149 86 110 59 173 144 27 114 105 139 80 41 156 150 116 27 25 147 25 110 31 180 199 186 211 179 214 68 23 193 175 84 31 38 120 202 103 147 139 70 12 11 81 87 113 200 9 177 24 73 118 18 181 130 44 213 61 48 193 132 104 83 172 51 181 98 75 15 13 115 169 155 54 88 34 117 43 106 212 97 102 77 192 14 168 177 117 103 121 174
45 133 89 79 87 212 189 185 194 129 212 52 39 30 180 44 105 122 110 86 168 36 126 214 121 75 164 92 84 182 118 161 153 127 79 208 203 62 37 91 180 124 11 148 106 99 35 45 147 214 163 50 92 44 19 59 197 79 37 67 149 197 206 158 167 132 76 39 126 36 201 49 35 13 217 203 106 189 58 146 128 145 82 136 214
17 87 144 105 112 193 10 149 159 72 129 99 215 179 206 40 178 36 41 31 199 55 191 102 174 176 72 21 159 72 128 207 33 56 159 151 111 132 154 171 100 152 141 9 107 141 53 148 165 188 129 141 19 181 84 87 15 132 116 171 142 49 89 29 159 18 209 41 173 58 204 100 135 112 175 67 186 211 198 161 129 16 14 31 205 185 19 204 17 48 128 100 170 75 160 72 174 194 171 77 207 11 81 125 198 76 123 93 124 176 194 64 191 11 216 210 66 78 19 159 9 127 213 18 72 209 36 99 172 59 49 44 161 156 165 23 158 103 124 27 60 19 165 115 218 113 178 196 106 147 80 40 208 73 216 103 196 13 198 209 184 22 11 185 121 30 26 126 197 186 96 63 187 30 82 138 107 150 26 148 32 16 202 48 125 179 127 29 171 177 150 160 55 197 72 95 45 180 166 25 175 88 165 199 179 124 147 141 118 117 69 218 210 91 44 67 87
118 23 62 160 103 219 28 63 29 17 181 33 16 71 112 89 88 60 156 57 166 140 203 78 125 169 202 104 115 140 48 201 196 74 83 131 165 169 86 98 94 51 59 61 203 179 83 74 214 26 211 116 43 31 21 125 174 105 113 20 50 140 140 157 141 42 164 211 13 57 217 67 92 76 78 185 15 170 171 177 169 110 221 179 111 160 70 181 15 195 92 173 127 144 26 140 115 29 191 180 97 152 83 119 195 127 178 133 207 161 48 194 134 136 108 84 33 30 113 62 22 26 82 167 70 209 194 100 64 171 102
144 104 15 32 18 202 48 77 141 163 88 107 52 193 179 62 86 35 203 21 54 131 60 165 29 214 137 147 12 54 28 109 44 61 159 203 91 115 23 30 61 157 204 33 168 79 13 156 168 58 57 65 108 166 110 112 132 167 178 89 204 94 62 131 155 156 93 152 215 44 130 166 37 220 14 13 138 77 173 123 130 43 196 190 183 131 133 73 88 154 184 101 24 219 88 176
34 196 44 197 71 30 118 21 74 117 59 92 76 153 22 160 185 154 223 194 140 25 203 112 120 14 167 151 78 81 136 220 128 100 139 210 189 71 30 155 160 22 47 58 26 177 214 160 117 137 154 150 33 127 119 213 122 25 203 96 154 33 14 152 35 166 98 154 167 76 181 92 25 177 91 75 19 109 157 26 58 194 102 173 119 29 40 164 20 155 39 44 181 157 17 179 106 45 20 129 92 71 19 54 140 214 113 150 213 96 208 190 110 76 104 150 41 182 61 170 44 106 75 195 151 70 55 108 132 39 59 106 117 24 223 35 176 17 108 47 170 202 89 95 22 203 190 68 41 175 116 95 158 222 87 160 103 157 145 191 201 201 94 80 54 51 148 119 83 201 38 200 155 106 170 123 77 146 70 197 156 27 214 18
92 208 112 180 15 17 103 125 103 80 69 80 42 206 219 171 104 199 130 161 116 39 168 118 128 154 47 95 56 81 214 155 165 48 68 96 135 44 95 183 156 37 150 215 187 52 72 164 64 159 86 36 120 97 187 113 31 81 133 25 153 132 111 177 36 208 94 150 29 114 84 28 224 89 149 83 76 219 143 35 157 87 218 104 73 29 156 140 160 56 205 139 185 171 71 81 169 25 117 166 20 28 58 171 195 127 204 190
208 39 225 38 216 203 131 115 80 87 207 144 120 51 57 14 39 41 70 74 34 15 186 106 171 121 138 183 172 131 89 184 219 144 28 109 154 205 32 99 51 91 125 220 107 160 192 207 111 157 100 135 27 178 146 159 107 157 66 147 139 103 193 195 197 140 52 203 155 199 20 33 49 76 83 41 80 96 208 51 150 139 40 107 150 219 47 175 208 193 25 200 97 113 44 217 192 122 65 219 111 188 151 136 15 131 195 61 187 111 63 64 120 215 92 206 121 67 164 151 145 170 26 125 143 132 27 169 139 65 75 178 81 48 136 109 151 113 116 21 139 48 51 110 204 200 199 130 218 51 42 224 189 199 82 207 121 96 160 146 115 194 197 124 22 66 67 153 133 143 193 22 18 212 51 114
98 151 44 185 195 85 25 30 226 110 224 38 167 218 93 225 143 146 74 214 49 121 130 67 83 116 176
174 98 190 52 133 158 132 108 193 24 194 181 179 99 171 93 197 121 178 117 60 45 16 38 174 113 51 21 135 174 84 176 157 155 182 62 193 210 203 67 83 189 137 49 167 117 202 139 93 155 145 31 78 31 185 201 200 160 187 24 221 19 79 89 172 163 123 27 172 133 202 58 121 82 84 93 99 165 198 39 21
224 217 61 116 109 140 225 130 191 133 46 28 183 129 26 131 91 178 161 105 130 176 71 181 221 206 197 76 20 73 33 59 161 171 224 99 41 136 203 193 151 113 66 166 171 77 33 68 126 64 42 176 19 213 31 187 84 65 81 104 26 126 156 55 20 71 139 177 122 96 175 170 32 27 180 185 122 107 87 191 206 219 213 55 181 165 48 95 143 174 35 90 166 211 136 200 174 126 108 115 218 82 109 188 208 31 162 83 173 51 42 113 54 62 20 218 224 148 200 31 31 198 192 156 181 182 54 52 86 199 50 166 33 47 226 132 148 220 155 189 106 207 167 214 62 83 61 95 41 158 99 146 224 105 203 185 73 146 166 106 105 114 139 145 118 37 110 200 126 99 154 34 56 78 150 89 151 63 97 140 207 97 148 149 170 92 25 200 196 79 159 60 140 24 219 28 180 40 194 32 220
178 30 213 134 80 21 167 100 191 125 106 64 86 149 78 147 114 160 139 126 142 105 82 188 125 193
87 128 221 218 151 71 228 145 19 195 176 110 200 199 39 129 58 133 75 205 69 196 22 197 111 222 142 61 165 50 212 112 193 156 59 209 51 203 198 87 209 58 61 213 137 175 186 114 167 74 212 210 195 205 67 141 157 126 115 131 191 125 46 185 151 20 227 173 118 112 22 170 116 114 155 228 220 182 72 177 166 85 87 38 58 221 219 168 92 147 188 209 50 48 228 176 217 22 214 42 23 152 55 109 58 119 206 29 189 163 94 99 21 131 168 219 52 32 56 198 172 27 122 77 135 37 184 19 152 23 46 27 207 28 118 24 107 168 112 57 87 67 103 52 19 51 219 107 200 229 143 75 168 219 194 61 211 141 214 152 230 194 158 154 28 133 220 26 47 79 23 128 119 41 141 92 102 123 52 189 21 188 21 37 199 29 39 82 156 28 142 193 177 118 38 59 208 182 65 81 21
64 197 139 34 176 140 110 195 102 222 157 115 81 177 132 46 106 228 111 102 130 217 69 77 120 115 30 24 90 127 174 194 105 115 39 78 88 222 62 143 164 159 224 189 75 164 98 172 180 119 42 116 59 168 223 39 102 58 91 74 20 40 132 203 24 80 193 222 153 131 84 168 82 94 123 180 37 85 216 45 90 231 219 191 35 197 87 208 104 222 40 111 226 76 25 99 217 75 46 73 75 197
91 67 24 124 174 184 66 151 145 47 87 34 174 91 173 145 123 155 66 163 37 171 93 69 45 59 209 142 100 205 204 181 176 224 98 150 85 226 149 212 190 171 109 60 110 150 118 55 146 170 135 70 41 85 92 210 98 213 50 182 223 48 54 187 108 130 74 184 66 22 24 171 145 92 132 141 149 55 52 35 47 194 71 181 194 158 190 32 181 138 138 108 165 224 69 123 137 158 97 91 124 59 78 48 214 75 92 69 58 63 97 167 168 57 42 87 93 197 208 196 100 86 148 169 59 22 58 211 158 105 47 120 213 86 164 89 34 78 127 103 75 125 223 183 111 144 122 149 35 197 161 123 40 192 83 199 49 101 148 131 115 198 207 201 171 125
175 53 145 96 68 112 68 35 156 224 102 143 177 134 108 178 175 58 37 28 218 160 152 179 162 35 36 89 129 127 62 146 121 192 199 210 183 72 39 99 174 180 133 227 67 119 79 30 78 47 173 177 27 214 214 202 34 113 131 50 23 116 124 124 33 57 121 29 60 225 157 151 83 148 22 119 75 40 129 218 156 182 101 61 127 24 147 203 180 216 103 227 200 178 153 121 82 40 75 42 63 144 219 100 115 113 116 36 83 174 72 128 69 146 112 160 149 50 204 72 61 76 121 142
76 195 45 122 153 52 131 193 31 89 37 93 94 33 101 182 136 134 66 148 103 216 181 90 211 183 61 155 173 49 66 78 127 83 216 196 170 91 200 74
142 77 171 201 164 26 41 166 142 156 30 25 184 134 117 225 107 227 172 119 141 102 142 193 136 92 54 59 143 230 66 112 73 42 143 115 66 139 28 133 33 149 99 143 64 203 219 219 113 148 97 75 85 164 57 184 212 213 191 227 181 163 84 202 82 54 82 103 79 116 51 85 213 131 232 169 122 26 117 128 189 170 208 95 230 25 221 217 91 183 194 144 174 66 175 103 204 109 175 172 31 106 139 201 48 214 68 58 191 150 79 189 161 167 97 158 101 29 89 170 116 89 106 189 95 122 89 95 123 137 192 134 110 214 32 176 25 86 192 187 137 142 88 229 171 44 71 41 146 185 120 151 195 68 140 159 204 47 167 184 91 108 70 139 100 26 81 128 140 78 180 103 165 156 127 66 137 90 65 97 155 143 161 163 128 135 36
107 38 171 109 213 199 121 209 152 114 90 90 40 181 102 82 121 208 92 165 128 103 94 175 51 82 226 42 201 73 153 92 202 84 67 236 194 154 235 25 120 180 112 172 64 162 153 189 113 150 176 28 133 58 110 74 104 162 41 75 128 211 80 183 212 171 234 188 221 198 201 57 231 30 36 161 222 171 146 41 132 119 51 231 125 189 146 58 144 32 147 198 180 151 51 176 102 125 230 57 181 80 73 185 101 161 68 218 65 119 99 97 144 183 199 67 151 67 64 143 87 87 70 84 234 75 83 204 197 136 171 200 215 88 167 83 144 77 201 148 104 167 37 30 29 56 137 118 68 58 226 83 97 229 156 140 156 212 226 45 85 65 25 224 52
58 67 65 51 174 214 93 224 57 132 204 119 74 213 173 86 80 33 165 173 66 220 232 135 231 125 120 79 35 158 92 139 162 98 154 172 108 83 120 106 233 215 175 175 81 194 188 131 203 213 162 218 78 90 167 233 115 232 208 61 120 184 201 129 203 110 102 102 144 171 69 206 153 59 126 164 167 107 213 163 154 204 162 182 117 156 53 68 150 207 154 145 194 218 62 199 57 173 193 138 128 66 175 71 200 121 212 78 187 228 33 114 191 195 177 65 96 127 107 156 52 41 36 226 99 172 196 189 227 73 220 219 197 178 163 220 136 175 124 141 232 79 170 120 82 169 156 143 116 63 49 216 134 27 230 175 235 60 77 235 42 224 147 40 156 64 132 202 64 128 191 202 227 47 235 181 81 204 48 50 67 200 218 217 174 115 196 102 119 159 118 236 144 86 194 71 162 188 214
178 43 207 231 210 88 94 86 53 189 112 33 141 197 207 209 43 177 94 30 184 161 98 234 157 233 120 81 207 130 85 168 135 205 205 236 33 170 229 234 132 220 234 142 114 127 84 208 157 99 98 52 225 70 194 199 218 32 47 49 66 31 214 114 186 193 31 238 180 150 39 185 169 220 146 104 185 48 198 134 96 151 209 120 36 104 153 96 27 34 68 73 151 186 204 122 227 119 231 79
115 223 225 72 234 110 110 151 33 174 225 225 133 111 91 88 211 219 196 63 181 110 110 89 51 155 230 187 223 234 133 107 141 120 229 199 138 177 150 126 55 86 232 197 51 130 41 137 73 191 182 96 177 75 197 97 49 161 188 37 93 199 166 185 112 199 61 117 53 143 61 50 137 208 148 51 224 147 214 233 219 39 216 88
234 99 95 58 91 221 67 73 157 156 213 222 148 36 159 160 181 37 89 120 168 155 95 163 34 167 70 222 134 145 90 233 199 47 128 54 35 141 157 162 45 98 63 44 186 141 73 152 50 131 237 130 68 176 194 43 142 90 90 130 44 31 178 138 61 73 219 179 192 211 158 38 237 87 85 207 114 184 55 223 50 34 198 37 183 143 187 121 155 67 99 43 154 107 35 74 105 225 48 226 158 160 118 190 196 233 164 86 99 189 138 196 125 168 151 236 61 87 137 196 110 227 55 168 150 143 62 170 146 208 186 232 178 146 135 135 165 207 115 214 38
----------
