100
3230 18908 34117 38084 45759 46652
663 25170 30761 55088 62164 83934
16936 21451 36301 48373 62509 72058
20129 42169 54953 58085 62110 63439
25906 27899 39155 65813 66882 81428
20372 47750 51770 61639 71650 76047
14387 33287 48269 57144 80357 82017
21911 26674 28256 30107 40990 68385
6973 51880 65408 82897 84009 86115
2590 20076 28784 46035 51780 52771
25108 47394 49731 71012 83090 83746
1457 5501 27367 36977 56759 58834
5140 9157 9641 12159 18509 48322
265 2243 34340 39704 79963 82518
18206 36800 39026 63654 65247 66620
16175 19652 30954 44794 49734 57757
4754 10168 20337 20619 31877 44309
37457 40104 41227 48271 73429 86312
1554 22897 24542 44319 45379 47600
7413 9506 26742 32772 44763 56572
39240 46214 52179 55021 56382 83322
5411 62917 73857 75872 85210 86054
21199 37821 39929 48537 61965 81353
7590 23662 35662 68113 75250 83075
8899 16040 25319 27642 28407 85612
2469 12715 14475 26566 63750 79255
12080 13955 25963 44652 52324 60082
3831 14977 19214 20233 59588 69651
3591 8677 37304 47886 56624 64408
7270 13711 39620 63841 80318 83402
34599 37708 57180 64970 76094 83249
12361 27230 50160 50867 62526 68476
1270 8311 31817 53416 54063 82154
3608 14054 24823 29143 48784 64651
8139 22295 27218 28136 47778 62720
385 15119 34535 62658 67506 76061
4260 31832 32540 39838 64108 71461
13801 39251 46921 55777 58461 62551
26592 43973 49604 53338 57542 72054
26180 34263 43946 51340 55060 55678
11229 25958 39850 52392 60032 81138
5708 25707 35667 52912 55109 61322
8586 32340 38904 45035 51914 52144
6379 19484 46876 51489 63519 64319
5856 8093 24192 58942 76166 78478
12358 14539 29631 47949 58313 65061
6874 11121 31925 72425 75304 79100
8091 14251 51610 53447 56245 66750
14770 19082 55334 74389 80239 82187
23497 36901 66862 69558 69822 70135
10760 36687 48990 63647 74943 84574
18198 32157 51832 57186 57591 83629
5365 5483 10874 13204 50638 55854
12591 19835 48462 61761 62238 85088
1023 8737 16224 50007 78026 85246
6226 39993 58207 62830 72960 80483
605 37461 42611 49261 59896 84864
15324 20494 30961 65501 68070 69797
9528 35994 39998 45867 64494 77736
10103 49240 51119 60594 62780 68058
12817 25707 28186 40463 52036 67159
17669 23630 55368 56209 76104 79135
12858 29329 34074 54323 82771 85235
26014 33965 35694 40624 63956 66821
6277 24040 32477 59797 83542 84306
34904 42258 67437 67476 67885 76398
19703 24802 26914 35160 58262 59392
14879 45334 63821 74024 74117 75965
2520 40815 58875 61624 65674 68705
2672 6567 12438 25615 50407 69342
3822 65138 65497 67709 69622 86376
39110 45390 49830 58212 67547 82651
555 6799 26766 33302 62080 72721
7245 17250 17552 18096 32267 35692
15289 16275 27013 28153 41426 72545
25165 27509 44471 61313 76030 80020
6696 31188 43278 47463 56239 67014
11870 25346 29783 61535 74978 76274
4720 13733 37454 52723 54255 64411
22321 29898 31560 59483 72499 85730
11429 14119 29345 40540 50307 51423
7919 20862 34862 38456 57089 61209
4143 16810 30600 41989 45226 59052
863 16277 41331 59141 70973 76225
5863 11325 13886 23719 70312 71702
7177 11344 21862 45611 64919 83127
4924 55322 68925 69849 78036 85634
9362 20340 32227 45533 49758 85865
19942 33488 35579 39980 63530 82750
3793 4932 17935 19492 32655 49531
5514 20713 24587 39599 55806 82387
3449 15345 34919 41166 51324 56822
4476 43249 55423 64450 66028 80093
12113 24051 30127 43450 70515 81820
8551 14867 26030 44362 45765 77502
3239 3779 28455 28804 45217 47048
320 1864 19761 27284 63877 71085
6185 44368 47715 62055 70011 70048
504 27955 49876 51165 65071 79130
5754 11319 28062 51026 53225 58188
