15
1 5 4
1 4 5
10 22 9 33 49 50 31 60
12
12 12
13 12
13 13
1 5 4 1 4 5 10 22 9 33 49 50 31 60 12 12 13 13 12 13 13
63 42 88 83 35 105 8 75 114 111 18 64 103 84 60 44 29 41 94 127 65 106 88 142 29 34 143 113 32 157 118 150 67 152 151 105 71 168 152 152 141 76 82 107 81 134 65 67 58 127 97 75 191 113 66 196 74 182 152 98 126 92 88 214 120 174 153 203 165 193 168 96 237 75 193 201 154 91 89 163 237 246 144 171 199 215 264 131 173 93 185 185 182 230 114 106 117 153 104 150 121 293 138 296 290 269 258 234 275 153 220 276 296 121 217 181 194 243 263 225 254 323 279 180 197 322 344 273 240 214 344 227 204 279 176 218 240 224 160 175 321 357 352 252 158 286 347 248 351 190 363 272 346 181 403 207 234 380 230 190 178 178 201 194 364 268 407 382 193 370 366 411 228 336 352 394 218 408 447 257 215 245 352 188 442 432 220 417 364 386 480 278 273 430 301 471 449 210 446 469 310 366 316 505 322 328 237 351 496 402 388 452
26 64 85 88 28 86 31 34 14 50 104 6 29 33 76 16 25 15 36 70 2 57 49 25 103 15 99 60 34 15 28 27 91 62 132 21 53 77 105 106 140 50 134 81 31 140 107 128 91 74 10 140 3 88 77 108 79 53 8 25 36 36 60 2 64 72 9 71 105 79 149 125 51 102 125 69 23 22 106 64 53 83 98 13 60 10 81 56 150 156 155 79 76 90 87 58 10 156 31 198 38 25 99 108 155 94 45 94 96 40 78 20 4 188 53 111 119 138 79 191 205 106 111 173 25 83 12 20 126 12 161 144 130 143 6 230 39 23 13 213 90 27 215 96 224 52 122 35 124 52 123 81 90 157 45 184 95 233 126 144 104 36 111 248 96 108 143 10 209 56 154 10 195 223 207 180 276 201 142 213 49 252 77 123 87 234 228 222 263 43 4 127 85 241 188 41 163 177 293 244 3 8 53 205 67 300 225 264 271 24 257 284
89 19 15 74 64 92 75 34 91 4 50 64 59 32 76 20 44 75 66 68 113 33 27 1 85 113 101 36 65 88 31 17 106 80 27 99 41 120 125 78 49 14 65 86 9 61 16 102 59 39 17 96 144 129 56 72 28 143 129 60 46 149 93 59 36 46 30 153 76 152 2 165 28 171 115 30 151 95 74 154 58 129 85 171 99 23 179 10 135 104 97 149 1 119 98 52 44 120 152 86 52 114 91 160 193 104 127 53 17 147 16 142 20 154 16 213 26 15 33 110 192 211 210 193 65 50 51 5 45 220 66 156 124 215 218 78 57 141 184 131 3 49 24 115 30 223 191 97 42 207 151 144 67 148 85 83 80 141 63 232 56 24 67 131 178 158 8 118 246 74 13 55 4 94 186 269 224 94 129 31 81 40 71 178 54 103 224 11 273 192 44 115 202 248 50 191 245 90 2 69 267 286 215 264 242 146 21 183 97 113 307 27
13 20 34 25 100 47 43 98 43 7 19 91 30 93 17 53 78 48 75 113 118 38 12 50 116 40 5 82 121 86 47 32 84 9 124 26 127 117 48 110 99 117 95 80 50 22 49 39 55 55 145 91 139 47 152 46 20 60 77 141 5 101 32 140 154 100 1 37 129 23 118 35 107 145 120 27 135 21 45 63 151 86 91 14 78 143 103 138 43 42 156 134 43 156 178 4 118 15 145 196 14 17 111 47 49 155 118 173 180 149 201 143 139 30 170 34 188 58 143 66 99 93 22 7 112 199 104 109 9 3 108 27 127 129 194 88 107 106 131 151 17 181 21 86 103 196 118 88 106 71 147 35 127 76 46 163 28 8 10 155 243 77 160 84 121 217 151 115 120 169 164 269 104 210 84 37 86 29 61 39 174 220 154 278 63 196 202 261 69 276 194 270 259 141 182 205 95 56 159 189 124 223 183 225 41 70 286 21 260 125 264 127 57 277 101 125 127 293 110 280 281 69 305 3 113 122 107 120 275 284 17 331 177 34 215 64 4 309 284 155 320 147 290 72 33 308 100 95 316 56 102 175 338 264 21 157 279 312 183 108 38 15 34 360 71 112 252 211 110 232 225 12 77 95 369 263 349 189 227 227 12 318 382 73 290 265 31 80 30 13 266 160 23 114 240 143 192 337 175 277 157 34 371 163 191 202 113 158 164 119 270 178 34 195 78 257 200 164 198 90 83 167 63 378 70 60 53 128 388 11 189 358 243 48 100 324 254 342 67 251 96 205 360 79 112 303 32 321 93 340 398 58 56 266 144 384 170 439 260 364 166 37 208 417 447 27 290 337 204 201 417 40 58 394 165 36 337 206 410 472 473 362 73 206 3 58 124 37 149 32 177 131 183 288 31 426 437 235 3 348 141 211 142 128 114 25 334 480 484 287 254 3 113 120 303 364 295 256 253 121 368 34 396 235 299 47 305 194 136 11 256 84 135 322 325 66 313 50 404 112 228 303 361 130 176 530 276 147 441 284 33 69 80 271 239 278 228 7 66 386 244 372 9 231 87 80 431 522 5 3 527 64 193 319 9 25 332 561 570 526 490 511 490 192 553 377 180 231 93 458 581 506 104 43 187 302 304 127 430 467 87 528 451 153 490 372 403 587 171 609 552 605 104 609 48 18 250 440 401 330 68 132 184 39 571 198 621 286 532 614 129 446 501 54 173 202 127 152 601 179 86 253 138 490 641 40 133 71 141 84 262 415 52 120 550 225 178 506 634 418 160 508 411 534 314 512 323 58 468 88 254 501 583 77 309 617 644 283 607 345 128 124 532 587 80 338 140 315 553 202 66 343 73 386 165 516 178 404 17 476 148 158 670 470 85 20 386 280 701 66 259 569 120 621 64 118 351 12 94 49 18 472 75 363 159 471 446 341 601 473 108 49 315 690 429 121 434 347 582 352 409 485 697 40 192 21 623 717 682 73 109 98 492 150 531 235 30 485 216 143 615 640 712 617 155 540 667 534 307 25 121 46 760 217 654 710 194 519 33 751 13 147 332 439 104 613 10 169 173 494 544 456 269 180 600 50 107 572 71 685 595 494 659 202 162 74 221 775 261 488 689 274 74 601 736 113 306 755 157 681 341 530 284 212 725 681 807 693 361 800 360 337 635 609 764 138 506 609 578 239 837 253 293 51 40 290 558 565 665 216 300 33 268 337 252 437 255 500 800 421 24 425 441 466 592 30 489 861 213 155 325 306 275 872 577 482 573 110 455 332 447 149 622 149 825 156 683 227 165 547 111 420 799 822 78 391 183 128 145 280 214 775 220 76 278 56 260 498 8 353 842 534 862 693 872 401 138 96 123 238 393 635 640 312 634 187 66 31 109 619 824 609 396 885 842 199 629 553 646 223 258 469 64 571 483 928 900 611 480 533 51 581 22 911 124 951 541 625 732 52 198 495 468 306 287 921 908 839 707 277 116 603 630 29 233 876 624 84 581 102 226 879 918 435 161 929 224 202 318 203 353 298 368 442 297 426 154 555 497 425 619 559 723 152 594 159 459 488 43 286 985 840 550 386 613 913 555 796 312 332 727 956 677 181 18 875 534 262 535 696 71 620 762 915 887 622 323 309 343 622 233 698 814 1031 200 441 247 371 993 736 703 343 76 867 125 503 723 877 781 818 857 859 590 846 478 453 744 206 517 1067 199 643 252 433 1012 610 252 1077 577 953 51 815 339 29 177 835 28 447 1019 492 767 519 259 662 627 755 18 961 62 1070
98 10 47 30 83 30 51 85 74 77 40 111 103 44 57 15 70 59 50 64 3 96 8 87 117 83 24 13 126 12 73 28 4 116 44 53 53 13 26 33 83 30 63 114 27 43 95 135 112 124 106 101 19 86 44 126 46 116 75 43 8 69 127 38 17 48 62 138 142 128 50 3 1 42 100 117 86 115 118 106 70 52 46 109 119 140 161 130 43 109 78 147 119 114 24 29 94 130 116 173 144 65 28 114 198 143 28 58 60 38 85 173 48 9 20 111 206 113 139 171 180 100 170 52 196 27 162 116 63 130 144 109 8 56 159 230 138 93 39 232 200 138 159 19 187 225 168 183 140 27 215 74 42 39 69 58 130 121 234 139 101 37 110 187 184 93 36 222 261 221 2 223 184 2 209 261 93 201 168 87 204 6 261 40 144 253 105 123 109 217 2 167 191 149 282 162 73 48 245 44 169 58 64 290 141 300 164 221 126 257 162 265 78 120 108 14 180 139 74 10 133 200 119 263 99 164 124 262 260 108 86 228 183 238 215 23 315 127 145 72 47 13 131 234 207 196 339 325 73 200 9 155 267 178 235 79 225 238 102 138 85 146 187 173 239 48 325 90 85 282 356 315 65 246 313 67 87 27 195 233 100 268 154 69 61 5 161 295 355 165 121 311 288 337 326 217 49 196 343 398 154 389 149 400 295 352 392 159 72 260 77 251 280 325 115 30 264 267 336 353 256 248 405 356 174 129 183 416 405 87 311 243 51 388 229 228 380 131 89 391 389 279 340 155 390 215 368 296 165 319 310 8 355 34 297 291 139 11 309 60 171 133 452 211 398 266 50 310 35 411 258 421 144 324 369 255 178 271 352 422 408 262 439 460 381 414 37 410 297 343 185 104 318 461 440 131 7 240 1 31 23 465 1 307 113 272 496 404 324 300 380 501 147 473 427 315 95 96 375 65 56 224 223 519 1 145 49 365 263 62 523 65 403 276 144 461 459 105 50 305 121 417 198 380 131 409 63 398 513 48 409 506 495 532 346 475 501 230 271 486 281 444 357 326 434 25 398 533 384 165 444 135 74 95 524 396 310 10 453 288 486 30 576 232 206 126 468 30 314 418 217 524 309 419 284 196 463 50 296 427 304 424 524 327 254 46 462 109 253 592 298 328 114 8 221 444 205 9 91 132 345 197 506 373 395 169 268 319 261 306 84 628 542 291 531 132 58 446 543 585 587 362 40 56 465 372 230 327 418 65 555 83 56 623 205 442 7 427 288 544 212 479 61 95 342 552 354 558 128 27 297 211 367 92 209 314 544 321 615 387 515 257 630 510 646 651 452 613 490 410 288 94 302 332 538 648 256 503 102 37 134 44 96 634 116 253 29 549 596 212 315 653 541 294 215 331 107 369 49 496 498 356 289 200 405 355 522 477 370 220 335 650 434 80 89 716 103 307 268 632 723 344 161 722 428 142 159 460 495 206 435 718 62 519 722 105 116 493 25 370 423 666 227 333 619 415 527 405 576 350 172 371 9 331 674 49 327 88 602 207 292 49 530 68 560 37 676 787 321 277 80 75 205 1 219 578 221 529 788 346 660 207 161 666 475 129 213 128 427 203 678 167 289 763 147 228 731 622 818 86 436 60 429 410 260 729 633 729 681 719 33 706 545 164 449 141 530 725 452 720 76 705 86 195 294 404 316 66 368 358 465 419 275 202 267 152 404 843 111 430 243 38 856 783 113 356 382 716 12 829 386 537 426 32 404 573 440 269 347 155 799 291 329 65 850 258 308 390 759 804 171 268 335 218 563 557 137 227 547 344 438 226 817 217 670 835 550 69 343 794 786 420 178 53 649 882 70 59 55 21 513 472 897 15 752 537 120 73 252 900 34 122 816 449 794 577 214 699 825 370 174 465 726 295 233 249 65 58 41 334 367 911 460 303 630 505 646 372 72 806 568 618 41 751 481 944 263 677 623 418 360 72 267 608 589 148 107 738 393 854 532 753 944 671 415 93 830 265 21 622 705 626 914 384 563 405 849 656 559 747 211 324 285 670 887 400 750 238 204 812 524 602 371 847 576 404 401 773 999 865 777 563 467 266 176 791 724 681 552 245 65 832 150 201 544 599 132 421 92 740 873 738 785 468 493 350 867 710 250 528 150 1015 821 628 693 826 4 554 537 239 470 749 973 475 388 523 601 81 263 778 999 974 5 649 942 265 311 962 168 361 480 167 1055 574 319 603 652 1020 795 501 9 552 197 46 118 818 496 919 582 619 101 239 131 980 417 589 290 257 307 924 1052 582 267 909 1037 75 534 1093 861 907 521 753 586 672 850 210 905 598 979 884 645 109 994 37 456 274 688 856 344 177 826 305 35 122 1067 847 860 405 381 949 410 874 602 1122 213 565 586 301 1064 986 475 939 525 170 195 489 113 160 969 351 82 703 953 519 423 308 577 526 220 367 936 455 21 696 75 688 876 602 336 40 1114 864 1106 684 487 740 143 887 1144 742 552 971 286 683 1103 402 1165 416 465 131 1192 178 138 507 1072 1177 1216 69 702 36 1065 790 1197 151 349 510 306 151 1203 937 371 192 241 699 298 371 197 604 181 1234 833 211 133 929 586 716 1018 143 176 621 37 547 862 727 168 251 711 138 895 606 1042 232 524 551 387 1056 879 462 283 158 1163 642 424 291 269 402 1073 65 1182 898 761 1238 1166 403 891 1121 23 1005 704 1103 72 648 725 542 218 541 193 528 68 1273 520 612 915 545 1124 205 493 349 148 639 410 58 543 251 390 1193 772 782 796 128 522 717 1227 1313 204 836 1198 831 1261 565 704 793 1199 486 391 534 132 646 121 496 615 187 129 693 672 667 781 1114 306 755 394 1046 874 326 615 40 181 17 779 953 1115 603 359 982 553 131 38 470 437 13 629 187 1308 373 906 306 1030 1364 1032 3 443 423 313 88 557 1327 830 652 465 443 168 271 56 1029 1018 7 1225 700 349 1021 801 976 983 651 614 1158 229 1300 635 17 1313 1248 494 435 1233 465 1135 904 1083 1028 1261 926 161 882 820 1250 582 807 874 441 1429 342 376 1123 1242 755 921 455 435 303 1358 1167 267 1301 1083 645 1202 1130 1056 594 930 1115 673 706 914 1089 1249 769 1012 828 796 1071 1405 894 1454 246 1196 1346 807 6 471 1356 744 715 793 241 510 1079 1358 690 1149 139 471 609 1137 1425 575 234 1195 779 101 78 1205 481 984 1130 971 42 674 62 34 430 392 1236 769 274 417 623 39 404 726 754 688 1434 949 1228 418 606 203 42 139 265 774 28 811 71 1378 173 1123 1074 282 1155 1010 560 736 803 1269 799 750 361 1048 742 1491 843 1018 1035 1157 378 376 166 427 300 1067 1298 246 1161 1412 1013 761 408 1500 1268 1059 401 1440 234 635 1024 722 454 1329 790 590 917 1182 890 593 1025 104 190 1469 616 1208 692 981 1134 374 609 773 385 218 1246 132 1020 1296 371 790 661 870 459 740 617 1056 149 1262 465 328 1266 1044 757 427 400 170 1358 364 65 1611 1525 334 1246 1198 227 1132 600 1599 1229 1493 398 1494 338 1211 998 122 1629 247 1354 1442 1301 22 1568 1294 1078 1130 581 1296 1446 581 952 481 1449 315 849 1421 1599 976 304 29 1478 414 618 726 845 1152 1420 215 81 11 1149 1410 1650 1261 1350 1397 1134 1568 1413 399 872 889 1630 1444 1142 1069 557 1386 1682 846 794 994 112 1211 180 230 224 1178 763 1183 1498 274 451 453 1575 1217 1380 460 338 1233 1411 341 712 1234 1331 1221 190 384 1051 1179 1287 574 719 1711 1659 1481 844 511 1534 1144 815 1712 354 1453 798 977 949 1665 257 1696 1005 1691 655 693 242 1057 1308 957 1069 77 456 266 1448 702 466 895 983 141 889 34 1741 674 522 896 468 1491 786 1182 1147 1167 1690 806 1110 318 91 494 1251 1701 1107 37 1085 4 1366 650 44 1552 1189 1297 1779 202 1301 168 1269 48 952 789 550 188 1550 1724 188 1186 1454 512 1081 8 1184 5 661 513 305 476 145 883 979 1767 1192 846 538 245 1282 1380 364 208 512 1648 339 567 441 821 517 791 596 539 819 1517 828 241 487 1264 1169 1289 901 1230 664 535 893 809 313 755 1320 1783 1460 1591 1088 1568 125 887 176 1638 1115 1237 1677 265 1852 877 1447 380 629 685 900 1693 1073 146 1069 1698 406 1426 1559 1082 1822 1159 892 514 1212 991 1066 1601 1810 1165 1116 576 1346 1467 956 1659 49 1856 172 931 689 1890 1825 798 605 790 142 392 296 441 414 722 1020 286 925 534 1600 1180 881 657 75 213 823 986 291 1126 1275 176 1513 142 1085 374 1133 733 333 353 1675 924 752 1686 1910 1311 21 114 1438 1756 1196 1847 443 896 270 628 933 823 1863 1714 816 917 369 171 1111 552 1919 1871 530 1597 823 1132 216 1337 1822 121 1253 1241 1767 716 931 1112 1119 1661 700 1667 307 1841 1398 1388 1058 205 1747 814 1674 879 606 972 1447 1019 753 1251 205 1812 227 443 1341 1631 428 699 1401 246 918 1586 1945 359 96 452 279 146 1626 79 442 762 1945 592 576 1399 1103 501 48 1852 668 1083 486 306 1321 948 1983 656 652 469 949 124 753 1377 1534 413 645 463 890 591 386 2015 1387 1588 1209 909 579 540 1378 739 843 2032 3 496 475 1935 2025 1202 1269 930 1274 982 1642 1755 341 895 1555 1546 967 728 6 1806 988 612 747 1873 1792 865 327 1349 758 1436 1004 78 2038 612 1825 1696 1869 881 153 1084 1330 4 861 862 1433 724 1187 168 1015 2029 1152 469 1431 1997 1952 1669 3 74 1051 1774 696 499 1845 1730 92 385 1339 1484 2056 1381 213 675 1782 1309 2130 1022 1034 2050 1434 2120 1386 1108 1963 1054 1272 852 1956 140 1172 1475 226 24 567 989 1052 1582 2054 1494 322 1459 281 305 1096 852 2032 899 618 871 2076 1176 1704 289 932 81 1625 934 1014 203 1453 708 1697 1870 451 982 168 1855 19 712 910 1131 52 2083 923 1324 473 1246 1029 1035 785 436 1437 1675 1037 1307 1305 1842 769 1121 1967 497 1129 1770 932 2043 1994 1622 794 1649 1322 2109 778 203 1805 235 74 1035 1225 1572 1278 1623 563 1918 1963 1433 2223 1672 1307 1124 1890 654 2187 1657 363 573 1277 430 1951 358 226 909 2029 1731 875 1596 698 1331 1326 17 1792 1696 214 400 1765 2067 1250 1721 1016 773 366 285 1302 129 1696 1363 937 289 2007 428 735 981 1513 758 669 2150 1427 1990 121 1075 1546 1711 2243 2269 1996 608 1394 511 655 1584 221 1883 589 1765 1656 1503 1840 668 117 2156 58 463 489 1350 6 1957 782 236 1431 2059 226 962 1467 181 2188 1366 726 1318 1354 95 1714 1626 2311 2154 266 464 495 1470 503 1343 73 2171 818 160 1584 402 301 2112 1273 134 1503 1723 72 2213 1346 333 1446 826 476 1640 742 760 482 1637 1993 1244 1563 2056 2037 1417 1691 1216 2132 2326 1993 519 1796 1631 1980 373 806 1806 432 340 564 2173 1601 2319 1367 1807 1834 1120 19 659 1120 1002 275 1704 328 341 1812 2047 154 1707 1125 1793 719 2312 814 612 1595 725 756 1243 1676 2338 1003 655 1695 2124 2033 565 2411 781 1292 411 2153 2182 940 293 2336 1853 2184 583 1780 2027 1782 127 1905 71 882 1341 310 1518 1708 1088 1479 1928 854 102 1977 179 2284 1650 468 2395 1877 949 1836 355 2401 1306 2151 1468 257 664 1973 893 118 1361 726 886 684 2446 439 2050 270 489 1369 1848 2268 1407 1352 1379 378 539 1951 880 385 1821 2102 199 1965 1747 739 1488 333 1229 297 1509 1379 1565 1799 361 1860 400 2312 312 1294 2275 2255 1664 904 26 397 645 350 682 1046 1856 1408 2490 868 1913 1083 1141 2431 101 229 290 1792 2408 2123 1342 47 296 1495 1236 1536 1320 1266 1056 1210 986 2051 215 290 1041 1706 2003 568 493 834 1836 2205 2048 1441 11 2052 2546 164 2203 1097 1006 2257 2028 1683 231 36 478 2080 1072 1842 1857 1509 1025 78 153 2276 489 1818 2019 1092 593 1598 848 2138 242 1379 1464 152 168 41 267 2263 680 518 2238 788 1939 92 1105 2449 1090 1698 1831 669 1707 1212 2595 2553 1564 1787 316 315 1867 2594 941 139 1897 543 453 1734 902 2424 570 1408 682 760 51 2002 1797 541 2016 2487 1076 1563 194 1935 1857 1273 644 603 1584 208 1390 970 115 611 161 1586 529 263 2038 2298 1763 478 556 574 1868 780 1348 436 1850 1484 2241 719 2308 2315 1579 653 78 2396 487 829 1320 484 2317 1283 1465 1117 487 2313 2328 1944 1473 318 171 582 1560 1799 112 2482 2545 1082 859 2184 769 253 1195 900 1439 2659 1759 2003 578 1458 1519 444 1829 1633 449 731 96 2501 1727 583 1470 493 1391 1122 1216 1426 1651 1722 2660 2246 1693 2251 2487 2157 2127 289 1071 1045 2699 754 21 2450 2584 1012 2535 1432 973 1967 2190 356 2472 466 1232 1421 2463 636 2489 1196 1737 114 445 471 669 849 425 1806 1604 1518 2342 1627 2624 714 2747 853 2150 2385 151 2014 717 2026 206 2653 2087 2155 2030 2524 670 1685 1814 1351 1391 1685 359 2111 1900 2119 2041 2405 2607 1436 2729 660 825 1292 290 516 1602 619 659 2026 332 1118 1933 259 1171 466 2655 941 529 1658 2401 2404 735 1527 2760 2598 2368 1948 1677 1968 2488 2300 2017 1226 657 1248 2167 555 2420 1685 2569 1696 2668 736 2144 2225 2724 63 941 286 2064 688 745 2033 1102 11 2661 2013 2307 183 269 60 691 2767 1609 68 781 1563 428 884 132 2849 1560 2396 1189 2524 2798 1248 637 1279 1865 599 475 2217 1679 1137 2247 1433 660 2303 2633 16 1211 2852 1969 538 1622 224 966 557 1889 193 1722 2441 1985 1091 205 1983 562 1293 70 175 772 2868 1066 2695 285 2290 101 1632 786 2105 2905 2205 805 61 108 1747 1431 1898 263 1096 1911 356 1068 2259 593 2731 2056 90 608 916 1789 1107 1444 2842 645 1889 1547 2 2768 2007 83 793 2843 2586 2402 72 2602 2202 990 2298 1701 1287 1465 55 788 1984 2455 1630 72 1616 2427 2874 1011 1195 499 22 1091 2744 438 807 739 1417 2064 578 1715 2093 2432 2563 1056 943 8 2193 117 240 2197 672 419 2943 2797 1278 1785 2089 428 1150 1939 1496 1512 2003 563 2981 507 362 2027 318 1714 453 1437 133 355 191 669 376 835 1588 130 1950 1917 1254 2694 787 1653 2933 2965 1906 489 1217 660 1501 492 2545 54 2062 1042 2302 481 2896 692 2673 1521 443 905 2479 639 1078 103 1971 2499 1877 2761 3 2672 2896 1915 341 482 728 1621 2578 1387 146 1834 1893 1941 189 2565 2283 1155 1672 2768 1986 599 2725 1850 480 1741 112 2168 233 2678 1187 2146 2825 1622 1373 1837 2705 609 1543 1952 2601 482 772 2000 1336 3020 1112 1072 2766 1539 2245 432 2900 1942 734 398 1452 2753 2461 3059 1656 2544 879 2633 2010 768 1230 324 581 521 161 2765 1396 1503 1538 1103 1298 397 226 1473 1346 586 226 2209 1179 1271 3010 801 557 570 2541 2495 3063 1617 2611 1153 1601 1696 742 199 2945 946 72 946 1470 411 1811 220 115 1721 1190 1030 1278 2784 1852 2289 3004 3139 1797 1024 2353 655 274 1584 1108 1233 841 619 618 1232 3180 2910 922 1306 350 890 1769 2549 196 2510 3108 1692 2432 1322 1081 868 1889 258 1297 701 1675 1807 2745 72 2932 1161 1910 156 974 575 1732 2877 1145 491 852 1788 2923 2189 1829 2812 2908 2318 770 3103 2984 2393 455 294 2996 253 3141 323 2262 919 3016 2670 1975 844 2900 447 516 1058 1823 540 2975 347 1722 3110 1591 372 490 1212 915 476 1814 888 2972 614 853 331 1182 1067 907 2790 248 956 2646 33 1644 2115 559 1421 2646 959 2440 1438 2537 3144 1555 519 763 1671 1918 501 2405 1633 3253 2218 1675 411 324 1193 881 2959 1812 674 2307 1925 2421 1652 569 2508 2780 673 1674 428 1874 1555 1018 59 1718 1476 2987 3010 2917 1143 1656 2276 2689 2118 2936 930 2181 2450 1798 2403 156 3046 2942 884 1898 1042 3103 289 2733 2682 1855 913 946 566 762 836 2287 1702 3260 1773 418 188 493 2353 2122 2077 1598 2884 1514 2189 2614 809 2527 1955 2239 2498 925 1282 1882 263 2571 1801 1083 2671 3248 1631 2952 158 1346 1215 754 244 260 1069 1423 1508 2666 135 485 3101 2277 361 2375 1031 1041 2282 1733 497 2101 2133 997 358 1969 2527 1695 2980 2606 1797 2605 863 1929 1691 1853 920 29 925 1212 2779 3225 1742 1869 3292 1997 3180 2811 1094 698 2801 900 50 514 978 202 2316 585 596 2152 1995 1635 3342 1341 1516 3017 1082 107 2399 2760 2172 2197 128 3411 1066 2752 2926 646 1001 1286 2258 769 1205 1220 772 1451 1610 3312 3084 1524 1985 2982 2856 992 2341 922 1498 1291 2705 1092 2868 1012 1268 751 938 534 392 1205 3020 431 1585 1661 971 415 311 873 579 1563 3431 3484 570 1887 1887 3434 2179 2899 1973 798 260 897 1167 456 1154 3030 2282 563 1482 1359 3407 435 474 2938 2808 2004 2374 1983 1391 591 655 1569 1496 308 619 1316 2222 2363 2093 1607 2732 3468 943 3404 237 549 2268 1053 237 2739 887 3488 1881 3318 715 3443 214 265 3469 1170 1576 57 910 2785 1686 944 327 1228 2518 52 2447 2759 94 3198 826 1661 468 303 2700 3074 152 3394 2478 1645 1873 360 3300 143 3066 1159 1346 2624 2779 2176 3262 759 1721 665 77 1304 1965 1034 685 1541 970 214 145 3035 1448 3462 1046 2354 1988 2838 1650 2446 1746 1242 2069 1184 1563 2637 2774 1145 293 387 1521 1198 1001 3092 2642 322 2494 3462 3500 472 2013 2063 1407 332 1443 2734 2853 741 211 1624 3118 811 2657 3422 810 160 2482 771 2375 2909 896 2716 856 1129 944 2243 2185 1604 1958 3452 3434 3444 640 294 2254 695 1610 670 954 1153 2627 965 3294 110 2171 364 1273 2705 1442 3186 1033 900 2337 2795 2395 3148 2579 1407 3100 1234 2631 596 3147 2975 172 2259 3651 1518 269 3002 91 567 3006 388 2275 958 3285 2286 2590 3492 2846 3303 232 1948 2366 2269 2784 1606 1208 487 3583 2624 2480 974 940 1247 1286 2174 808 3302 2716 1348 2717 2245 1734 3679 2467 1566 2432 2834 1598 376 657 2825 767 3701 1699 1612 2158 2764 492 2360 1778 2765 1930 2471 2747 3138 1455 457 875 1574 2393 1117 2514 3187 2136 3472 534 2824 424 1521 1676 2674 623 2364 2338 1540 516 2738 2154 1558 1737 1597 3209 1416 574 3011 1607 2249 2898 2284 809 2079 3771 2489 1312 865 3753 178 2678 3189 3506 1669 163 2765 2733 157 254 637 3360 1261 936 62 1202 264 2814 276 2303 2525 2864 1561 2787 1730 3271 3301 1455 484 1039 1269 53 3712 3346 1945 2410 1526 2936 906 2928 3176 2152 2687 2178 2386 471 952 3616 2421 1671 3063 2404 2146 1555 1434 3179 751 3468 2171 1619 1457 77 1287 180 1474 2453 3590 1575 1365 2020 1346 3606 1076 50 681 2099 3699 3518 1590 2460 1538 2258 1055 2154 437 2342 3507 3007 2906 3517 1068 2714 2476 2089 2322 2145 3601 1089 30 148 220 3744 1398 2219 2239 532 1732 2614 1504 3612 531 3228 3457 538 1915 1649 2159 2264 108 2380 3812 1074 444 3632 2036 2722 2015 978 1156 1903 21 516 1313 311 622 3893 1793 2329 846 2418 2407 3125 1390 1546 240 2301 1782 1138 829 1250 3607 208 1863 2082 3944 1416 432 370 2384 2248 2391 2583 1650 2408 2870 403 3517 3927 590 1543 2005 1524 725 1445 2006 930 3328 1545 698 3435 1206 2211 2592 654 2529 3285 846 1808 1144 507 3397 1339 3965 1985 376 1693 1484 2363 3371 2421 2136 2138 1288 477 3822 3581 92 372 3199 2894 3785 1393 3771 103 1146 838 3775 2993 892 3186 1237 1118 1262 2922 1974 3552 2520 2217 673 3300 2579 473 2304 3764 2431 534 3193 1951 175 2526 774 1670 3258 2175 1584 3819 402 3234 2018 1242 2973 986 2561 2753 3854 1859 490 3682 3896 815 571 1559 2487 1281 3955 2179 1642 809 2111 3046 1536 2944 655 674 1340 742 2474 3089 590 1134 3483 992 57 1526 18 3747 2980 980 1096 999 1155 1253 419 321 1944 12 519 3031 1389 398 540 3117 3003 345 954 65 2451 2375 4026 557 104 1440 121 2165 1832 491 3217 368 3971 1909 1172 2982 577 1013 2202 39 943 3131 1099 153 1104 1642 1012 904 744 140 205 201 1925 1779 1516 881 3847 4016 3425 597 1440 2887 2130 449 3795 647 1457 722 3404 3414 3037 4005 1325 3924 3730 3804 968 2098 3327 3695 3654 2488 1495 1490 243 3947 1452 350 3796 1959 1557 503 147 3209 3219 1077 2621 716 2461 2119 4068 2051 808 120 171 4025 1959 15 2728 3955 60 1144 147 3442 1027 1075 2194 829 3168 2291 1764 3989 3865 3338 570 3617 936 4208 133 2690 1754 222 2061 3517 1127 1935 841 3218 1237 2024 3162 3818 2511 2345 585 1433 2601 3133 108 3022 1786 374 389 3830 3758 1430 629 88 4115 112 1214 2792 698 644 2668 1254 163 3373 60 2599 3093 3021 1079 118 766 3269 1774 867 3992 860 42 1455 933 615 3296 492 717 2303 1118 3189 518 2446 1585 1055 3995 4224 1671 637 2018 972 1190 375 2510 668 1416 1934 233 989 2412 4073 948 1663 2971 1471 1314 2470 3447 3348 2887 3531 1785 581 2683 4145 4021 2311 3036 2899 625 3163 3462 974 3290 1504 3539 2243 3328 392 418 988 3031 3953 1117 2650 3512 3243 2833 1803 2376 3852 517 2228 2649 1337 1463 1836 1661 947 3034 2565 2197 4021 784 1720 3817 2768 1901 628 1872 821 4292 4106 2667 3554 456 971 2778 4213 3550 3816 830 3825 435 1690 2104 326 1630 595 1030 1046 4329 4281 1996 3806 2450 2633 2531 170 2967 2917 4033 431 2869 2771 867 2496 3583 1346 937 2731 4078 2486 3284 2142 1578 1830 442 3714 2920 2395 3124 3303 1596 3372 3206 4209 3702 1472 2288 2187 1906 4004 2392 1445 4387 268 892 1579 1917 2899 3818 2974 4 44 1602 4074 1561 3593 200 3514 3527 4018 2515 1322 1879 2923 1872 185 1145 1462 2062 260 4089 145 2125 3672 3586 819 805 4258 980 4355 4180 3356 1849 1676 3723 925 189 1293 3180 1249 400 461 954 1243 4304 2155 3983 4213 144 1949 4232 1796 2722 4239 1029 2358 53 336 3245 1354 647 1607 3683 3511 3119 2118 1815 3829 4247 2710 3959 2299 4178 3132 174 2814 2531 3429 3874 643 1128 3305 748 2595 1742 4236 1382 616 460 479 4156 1423 2787 4399 784 3672 2381 4480 3522 3208 1939 1394 2370 2057 1525 1031 58 3454 2073 2551 3656 3574 61 4089 730 100 4491 2679 738 800 3821 1730 372 4414 2162 227 2015 607 110 7 1913 541 1189 3616 3985 15 3683 3561 2426 3630 2951 2637 2651 4121 3776 3814 922 3791 3051 4188 1773 1227 1011 1886 3260 2829 1004 363 2778 2867 1121 3188 346 1346 1874 2538 3385 1816 1765 3596 2341 4423 1158 2120 1325 4003 1102 2374 2100 1102 522 3541 658 3130 3085 258 3336 2561 2292 1280 812 1662 4411 1727 2584 4381 382 3287 249 4044 4580 289 3361 1509 607 1939 1908 764 3437 605 4142 1911 2937 2266 3954 503 2314 3206 4230 3943 3897 1385 2092 2115 3023 3247 3653 867 180 3708 3328 2821 19 722 1961 3375 3427 203 881 1510 4198 2034 2065 2002 2655 3736 646 3410 2866 3022 3126 1892 3013 911 54 818 3828 827 229 2966 578 3595 2918 3951 439 4021 636 4510 1030 1888 1112 829 3531 1781 1874 2601 4561 4522 61 2256 2173 4180 4524 1361 1959 2976 2266 1337 2147 4300 2643 3862 338 1337 30 1606 1374 156 3836 1220 3810 1759 2028 1529 2115 4568 387 3508 2460 793 1488 2832 1151 4474 2572 1430 1169 1644 2449 3080 3982 2811 1070 3860 2646 1113 4686 101 1538 3192 641 4512 1863 1089 98 4101 670 1794 3537 1891 3363 930 1884 1994 1709 419 2038 3796 2639 4118 309 445 2562 3511 3244 514 2327 2443 1833 4261 925 901 607 2021 1958 2315 126 1742 629 1626 3449 1842 1161 1462 303 1959 560 3693 2920 3589 291 2155 4152 2384 3249 861 2719 3624 2652 143 3790 961 22 4752 4790 1562 4517 4663 4072 505 1232 3582 4089 1371 3598 1879 3709 2213 3328 1415 126 391 204 1614 921 711 2234 4023 352 3576 101 47 4202 4186 218 1242 1059 4854 296 827 638 2625 2563 2452 547 4392 3171 1814 185 2053 1507 3658 3861 1161 3896 816 4216 1702 4593 3185 3488 3060 3883 2413 4563 601 550 180 4429 939 2368 4060 4560 166 163 3405 2759 171 1953 4224 851 4451 3606 1006 3223 4899 1968 3591 2456 1328 125 4479 1783 2176 3446 627 3742 2278 474 2545 1873 4851 1905 3768 269 4103 343 4441 2291 2286 4133 224 894 1575 4671 555 3586 2733 3289 4467 15 232 3682 3306 2604 3953 190 873 3153 3841 3984 2949 127 35 2658 4777 3423 1490 2660 4181 3499 1138 4550 4156 4781 695 499 52 2165 4089 1993 4317 1608 667 3874 2597 4420 1429 1878 4020 3421 3863 231 3394 1899 4310 3234 4591 1498 1927 2895 1226 2278 655 2969 1432 3785 2395 3672 2226 3836 158 4416 2883 2297 4559 1068 3010 423 525 3059 3059 2170 3326 4783 3775 2456 4278 5004 1118 3668 1809 2422 4794 387 2456 95 1096 4145 4328 1140 779 3628 2650 3011 2315 3541 2681 2825 4088 3713 4763 1251 1875 3065 224 2883 3347 2468 4503 1394 1957 3015 3978 4058 1551 1380 768 4790 686 1952 1324 2484 2512 174 4312 1137 1996 750 152 140 1647 3739 653 4890 511 1115 456 3430 3533 2324 3697 3586 4828 4597 3840 3930 3794 2564 3848 2149 1890 4140 2047 4774 661 765 338 4418 4627 2204 3398 144
19 100 38 81 17 62 93 42 48 69 35 110 90 97 108 82 21 47 44 9 71 2 8 66 20 40 102 123 104 97 80 83 121 49 1 5 124 45 70 55 56 75 99 15 59 112 135 19 84 25 143 9 102 129 129 130 127 36 34 79 75 72 144 25 34 8 146 26 82 36 47 44 147 92 79 27 29 71 105 6 164 11 43 53 106 71 175 122 5 88 173 174 41 57 142 72 56 156 138 19 177 134 170 71 181 169 174 30 13 21 44 140 23 107 128 140 90 68 10 176 79 160 216 148 92 24 14 93 83 45 221 150 25 25 134 2 169 69 229 80 151 63 84 235 92 20 148 146 223 133 111 246 225 6 61 242 148 64 139 202 97 247 205 115 106 255 118 232 133 85 174 213 69 247 213 133 26 262 264 65 196 96 17 39 30 179 100 121 247 105 181 96 264 90 4 57 229 291 42 113 96 252 198 69 220 163 218 139 271 131 223 246 23 255 222 57 11 75 13 44 206 109 285 164 140 287 189 90 231 244 159 208 168 227 31 34 14 78 78 51 314 306 290 70 253 167 206 307 230 150 241 271 196 187 209 299 276 222 35 152 58 166 4 136 47 39 20 338 177 367 364 198 222 348 314 12 363 90 35 25 219 136 34 25 229 87 196 259 313 22 280 312 326 390 360 139 305 251 219 330 352 133 55 28 108 266 311 238 400 199 299 6 362 275 211 216 245 155 416 54 173 341 99 93 265 57 61 347 243 38 288 188 94 49 244 380 172 168 210 147 249 241 206 65 138 313 431 169 384 242 140 174 323 158 194 320 186 69 360 151 220 433 461 419 186 309 139 20 408 226 44 251 434 153 92 451 319 450 371 383 76 67 91 64 250 478 328 110 487 276 356 413 394 417 138 130 163 54 115 144 300 257 358 63 398 104 250 71 230 346 174 168 440 462 337 159 15 62 417 378 215 88 261 498 501 247 175 527 102 507 24 417 178 319 219 468 448 122 350 53 409 524 101 327 203 319 60 56 454 411 106 219 198 184 250 266 282 309 120 492 25 541 241 158 437 26 256 433 140 266 517 301 247 463 148 168 478 555 365 96 37 127 65 101 568 304 59 146 256 130 377 22 346 127 301 275 529 140 464 381 364 430 587 232 286 355 273 193 14 9 347 73 564 131 214 321 504 44 489 90 413 335 396 183 146 291 343 353 319 458 455 51 12 239 503 38 431 485 262 191 366 275 220 177 221 16 26 287 84 156 363 267 548 224 310 485 280 496 592 146 112 436 5 385 314 419 358 522 359 539 380 172 247 201 359 424 660 25 534 509 206 327 192 128 232 199 562 391 120 157 136 413 133 247 661 627 318 576 611 216 275 275 301 403 172 72 133 63 280 342 3 407 454 688 35 231 403 127 109 107 626 179 578 524 14 153 698 534 604 116 352 613 609 611 84 139 671 676 300 716 416 333 383 99 248 282 601 309 337 377 325 269 254 549 374 95 608 615 188 444 715 430 603 143 259 587 119 48 108 690 112 553 409 95 324 588 567 735 180 79 198 223 15 125 115 582 344 530 196 253 643 726 790 696 9 170 153 81 418 695 150 789 246 727 337 235 141 120 651 581 708 507 459 94 671 352 134 281 285 571 563 77 556 451 560 201 311 402 510 163 773 800 399 738 39 387 514 84 818 749 766 82 451 520 500 406 626 44 304 587 819 294 363 475 293 239 10 662 570 181 154 263 314 493 467 248 306 141 209 37 289 205 675 548 791 130 593 284 259 189 752 326 642 176 291 302 482 711 427 396 842 357 395 236 781 229 157 289 776 319 776 201 844 84 661 16 399 29 70 781 524 22 225 910 679 115 603 592 191 758 370 252 555 278 799 396 574 570 836 280 875 887 422 793 707 300 216 407 474 342 924 593 364 294 136 59 907 374 145 831 653 456 512 675 548 61 901 825 150 228 600 646 952 646 585 953 386 222 551 23 730 319 778 807 650 705 961 26 614 35 366 498 232 933 954 287 869 656 610 767 967 897 573 241 28 505 994 558 701 354 888 703 757 241 672 865 159 42 85 669 1004 453 290 227 752 376 213 576 381 82 938 221 304 52 502 666 529 493 95 619 610 481 428 188 923 873 246 155 327 803 988 681 255 275 104 299 729 1014 601 250 783 748 918 7 108 482 31 87 439 647 119 800 199 895 1020 276 515 920 736 221 506 1036 886 467 752 490 377 169 465 486 862 622 850 58 695 1006 470 234 515 268 565 180 268 26 162 855 713 373 188 873 18 1044 290 339 564 319 298 775 270 423 652 721 1010 78 1000 692 1034 183 1033 1037 727 657 24 146 123 873 315 418 1058 259 627 1090 619 283 311 486 456 786 156 1120 270 811 968 470 385 395 973 137 713 1138 691 184 121 874 390 1105 534 1147 447 584 963 183 87 947 828 893 1136 588 943 1057 837 545 1030 563 1071 871 340 364 926 1024 832 835 1079 176 648 408 209 645 194 908 444 172 460 78 176 549 92 1190 1041 86 602 989 1007 709 1077 276 878 234 442 689 592 577 483 1011 32 915 632 1005 1045 570 473 62 729 1034 566 168 668 591 755 716 1130 138 653 88 257 547 646 725 1195 633 531 102 1098 944 693 674 453 823 414 1000 1114 596 107 852 591 646 885 728 44 1228 286 1135 262 481 331 431 119 461 133 490 945 660 911 80 1018 1171 412 444 505 1070 309 585 1012 281 895 760 409 554 1020 846 334 1100 675 1093 1102 1276 909 1285 354 1050 1193 69 796 348 286 188 1271 1252 33 67 887 309 1163 376 190 305 145 455 619 673 1222 1283 1148 503 1110 1210 223 282 53 1186 308 603 353 295 1032 560 388 1048 425 486 440 1232 192 1008 1295 82 1278 236 1183 1177 838 1116 783 1351 1233 1342 700 685 125 831 627 710 831 767 1108 839 774 1226 708 1256 577 27 869 176 882 576 217 66 228 438 928 650 600 513 672 1199 635 440 593 688 1161 446 277 425 1251 830 240 238 265 1076 1179 1222 438 543 1016 639 1027 1229 461 680 770 385 12 85 549 107 1251 545 702 710 1054 63 1150 920 1199 306 542 91 1063 596 971 565 1322 742 668 1323 958 298 1024 74 1340 410 1022 1417 277 986 1279 110 14 488 75 1063 1400 958 1137 1300 1294 892 491 947 1168 143 202 1193 1114 993 90 1104 1417 619 1363 214 1043 45 672 1406 802 374 882 338 1246 4 869 84 287 759 446 659 825 511 721 829 1224 73 318 590 837 1177 742 895 1428 441 440 1213 923 259 517 1120 1285 847 114 1325 141 1429 939 625 1000 1510 531 125 1256 127 1028 194 127 494 1251 1086 1299 1212 205 1443 680 1338 144 927 1526 780 778 1069 142 800 924 1344 699 63 958 1449 759 847 423 906 1191 1449 1312 1091 776 891 195 1093 1334 503 513 722 1000 1558 32 1130 28 1410 1141 1446 601 1049 436 1306 130 1205 211 803 1171 1114 1475 844 121 412 321 1152 1109 1051 1226 73 174 130 1069 1102 424 766 737 1463 581 391 1214 866 321 1478 647 1059 574 1155 279 886 1070 680 204 664 1437 1286 1109 185 597 901 571 1330 530 836 812 1544 1600 907 67 1175 228 1137 1458 270 1375 941 91 528 1406 683 1392 118 389 1038 420 1512 1378 1617 1072 1416 1392 731 240 621 856 1181 1103 851 48 938 687 1499 124 217 1309 1055 218 920 1593 1419 1031 529 416 1628 1565 102 391 937 584 937 1375 1492 1570 176 144 826 604 963 903 66 208 1498 501 268 1596 1473 894 1688 665 1537 947 1040 1039 171 993 996 1289 501 1122 796 361 715 812 308 32 947 1709 1296 1392 329 428 407 1053 224 1323 134 415 1113 1658 1288 1120 977 722 1438 866 363 962 822 859 141 379 842 651 1210 1596 219 676 1558 102 377 1723 961 413 1387 1524 1028 1404 602 230 1453 442 557 158 613 1384 614 1106 1103 3 862 473 1616 656 875 1776 187 244 230 1448 814 984 476 469 693 1725 954 1690 1596 95 320 1094 1584 1294 1449 1420 363 820 1165 460 1614 1408 91 519 1476 436 1799 1409 1005 1441 868 733 338 1491 1441 1212 709 1750 1586 860 1806 1675 123 1726 206 1653 1773 1211 1297 1616 208 127 796 1648 1315 1631 816 1477 1725 878 1791 719 833 1255 449 941 1034 878 1059 110 839 1490 574 1487 1284 659 1114 1631 829 1243 1551 964 1024 1691 59 1667 1795 1488 671 528 1484 1392 762 1336 1263 1717 1679 59 1601 164 1789 1716 177 796 371 1254 277 1764 839 1562 474 544 1755 797 1798 1443 1237 898 444 1251 1173 1569 1691 322 713 1048 1398 1376 1219 580 708 282 848 1439 1819 1116 1183 1569 747 1620 437 1672 978 434 1883 214 973 38 884 770 486 1574 1111 803 1910 1141 873 1206 74 1720 1124 1404 724 1772 58 778 1828 417 165 1872 1840 1433 1431 256 862 736 219 1308 1731 1880 194 1208 1083 635 1872 75 226 1261 236 1546 1833 916 99 773 120 1707 314 1034 823 144 1693 923 1697 850 1816 116 1187 69 681 174 1469 975 471 1274 572 468 298 188 1278 1133 1727 945 81 212 995 1198 458 1176 811 288 187 272 724 1871 1812 1722 242 2010 695 720 1159 1778 955 290 671 379 553 235 1632 135 1220 555 1033 800 1839 1324 1209 1096 301 1782 756 809 437 517 1840 1943 52 456 1139 13 1229 148 1742 1899 538 664 1388 133 590 1702 1262 895 596 1308 1698 995 1688 1987 1299 624 1476 226 1773 1121 2027 99 1205 366 146 955 21 1958 1700 936 1779 1199 667 1654 1400 625 1287 1127 808 1751 155 97 749 182 1991 21 257 193 1751 1837 530 454 436 135 1053 1255 1494 1869 1735 1605 465 1062 1410 13 868 888 775 1105 1811 38 787 1041 1033 505 1156 903 1497 470 1516 1511 150 1748 442 2037 595 357 405 146 1402 314 212 228 631 977 1628 1767 1328 363 504 1290 2043 308 1734 1841 1166 691 75 582 702 102 572 585 1162 1702 1151 2018 627 418 652 280 264 866 415 276 1117 991 531 1971 793 760 458 1147 1099 1488 1612 1184 704 212 669 1986 1679 1796 588 435 64 373 771 2170 1061 1863 1200 32 1154 1613 897 1194 727 1175 853 1142 1488 217 2145 1212 707 691 194 1085 1800 1371 1091 711 1755 1823 995 976 953 1211 1162 1949 2051 1902 1968 2156 953 1910 2202 2158 917 1819 764 1475 1543 305 1022 1238 445 2035 2172 832 2166 2212 1095 1462 752 1424 1448 2128 749 1171 630 1745 907 797 2158 1700 1715 50 699 1079 267 2222 371 1508 996 1711 1540 1592 2254 89 504 587 76 912 656 1998 284 1642 2136 895 2189 1992 349 96 1483 1286 1791 1092 577 521 891 1030 583 2263 130 129 1977 99 1666 710 2034 1815 640 1258 397 1143 1367 1785 1230 604 45 414 614 2086 272 568 1648 1521 1617 1424 387 1427 1318 1421 77 20 2043 1536 103 990 122 2315 2244 1680 408 233 541 2009 1481 237 1590 588 1994 1493 886 126 7 908 1533 2192 1252 674 540 390 1168 871 781 1630 2051 2190 1878 825 80 52 2363 471 2137 1657 2043 2025 672 157 1914 1952 1134 1196 458 1924 369 1036 1119 468 148 1978 2010 1551 852 929 372 1320 1648 1359 807 766 1720 11 1210 2180 2253 1601 1983 1632 971 2404 2120 1995 515 1611 712 1811 804 184 638 1055 1682 1323 1277 1863 796 976 966 1814 1563 953 944 301 2094 1761 71 1443 210 1981 1443 1626 1029 718 1111 1716 2428 327 212 2412 2149 1797 1640 1691 962 1936 1610 1522 757 711 1981 7 472 1013 969 814 568 700 1747 307 1329 1450 395 2085 474 1597 1944 1306 2440 641 460 1813 263 1994 1270 527 2200 528 932 894 2191 985 544 2108 1747 471 118 65 313 1281 112 1888 407 1245 340 1825 208 1122 439 944 1232 543 151 491 2492 466 1885 2217 216 856 2088 348 1337 252 168 97 1094 1132 176 2075 386 1453 2506 1609 246 1961 153 1009 825 1322 1537 2289 158 1880 2368 1770 90 91 1611 2102 2049 857 1535 722 328 1652 233 836 2090 2355 540 180 684 2210 516 1552 1400 710 2556 2020 1548 109 1483 414 2255 212 2310 34 1197 1992 344 882 1691 144 1116 1871 1657 516 871 963 2414 1157 1363 1034 128 334 1641 540 2192 1767 875 619 2340 1971 603 1902 918 697 892 87 1577 858 1619 115 711 876 419 1766 238 480 1004 2563 699 891 2327 1085 642 2312 768 2558 2042 2273 2423 855 1562 1061 1885 16 126 1437 1516 1574 1468 1796 2031 670 1953 1386 2483 1513 2123 2228 2219 1444 1920 2593 1995 1901 1425 2631 857 2460 369 1585 859 2372 2150 1143 2068 2205 2061 336 1892 1652 256 1555 2001 1743 706 754 1793 650 2245 140 147 2125 2305 1745 482 356 1570 1614 744 1005 1497 1184 1247 956 2672 2509 1705 743 2582 455 2202 1262 2274 1606 1726 481 388 1679 1991 947 2026 1155 406 1921 1057 1850 278 611 823 683 1845 2552 1447 2519 1129 775 2119 2295 231 2188 792 2720 841 1570 1746 901 276 516 2554 496 2548 152 1430 1631 556 2112 2619 2097 2298 36 1101 722 2230 2210 2139 2616 1367 504 192 1077 2430 1451 1663 1565 1646 836 671 2697 861 2346 2440 2211 1863 2700 2272 2226 2123 1110 239 1575 2337 2746 419 1020 2149 734 2128 1278 1656 1548 1111 2225 836 2381 2705 628 2678 191 601 73 320 2154 1784 715 1298 895 1194 2023 1628 1931 1422 1672 2115 915 1231 1674 2171 1400 1536 1012 2101 573 1400 572 142 810 273 1874 1965 2011 212 945 1324 2652 493 1029 1658 1071 2818 1485 1658 950 1650 793 1822 1202 62 1161 1918 1630 2331 1927 2748 2285 449 2550 1020 1547 2772 403 1499 269 2058 928 267 2386 2840 629 145 441 2823 582 367 2549 281 983 1515 1735 265 246 2308 2130 650 2795 918 1944 959 2058 928 2468 1978 2863 617 12 174 1541 1227 2473 1520 2224 2398 928 2648 428 1381 507 780 1129 432 362 86 1042 2850 2761 2752 2926 794 2563 1356 2308 1581 1703 1791 889 1398 709 2820 1022 2206 2776 2563 1669 751 1135 2363 2816 1534 139 2837 2256 2895 1261 1332 833 2444 1825 1369 1947 729 1452 264 1380 2854 141 2247 2834 340 2 1085 112 1991 1535 2104 2574 2368 415 2735 1529 2364 946 669 1977 1490 1844 1457 1160 986 2029 2053 314 1378 535 2043 1501 9 1838 1173 2387 1217 1462 2168 2970 2219 1735 1433 2567 2861 964 2166 935 2049 2954 49 1409 2099 651 959 165 1828 2497 655 613 18 2994 2266 1549 2704 69 2781 436 2270 2378 1927 694 1230 432 2532 692 1467 1680 276 51 2786 2058 674 1101 2586 451 2888 440 2962 169 2840 538 541 1278 519 2058 927 3022 32 1560 1698 2978 2366 542 550 2699 1016 2979 2648 1615 2482 921 972 1222 2751 548 1650 3049 754 2736 727 1335 2437 1627 156 2182 2460 2049 597 76 3034 1777 1195 1535 67 2041 176 37 1110 1223 3036 1321 806 2785 2382 1420 2370 1567 2814 1434 689 59 780 384 2834 628 979 1258 928 2683 2905 1699 1280 1308 1103 2450 2819 509 603 1454 1032 1350 275 1926 1309 2941 1426 2184 3069 97 582 517 1778 495 2215 2085 2718 4 1087 525 789 2479 2034 578 61 3146 2366 360 676 1097 2598 836 388 539 67 1776 166 1629 1126 2999 364 503 1460 1857 1339 1403 542 1532 809 801 1721 2619 1558 2577 2682 1265 2557 2761 3025 2350 3051 2560 1382 609 2455 2083 2037 72 667 1610 3102 2376 1366 2718 2175 1049 1366 1328 1316 2194 1686 2303 2880 2148 2241 264 840 938 1269 533 1748 760 1523 179 619 2175 1245 2917 1692 1538 2973 2055 982 922 1100 2338 2993 1983 3196 499 2961 201 64 2470 2707 88 813 2422 3215 2321 2286 2741 2396 503 2825 2719 2005 3078 1221 757 3126 2596 590 2678 369 2130 692 1374 3048 64 2669 2169 2296 1257 990 2521 927 192 1042 1208 2683 1927 2572 423 3242 2820 2165 1884 1614 1424 2802 2521 343 615 550 2350 1254 853 1076 660 2818 1586 2356 1636 1230 3000 2362 2672 26 2681 660 2148 2831 1649 3188 895 2965 2166 2274 558 171 1390 1123 791 1569 1213 2342 1794 174 1904 487 2631 916 1732 1995 2154 1336 525 643 1804 631 1743 3094 1193 1282 1783 715 1681 1157 524 889 3332 1340 3122 2355 116 2074 3314 3315 552 96 236 2749 1646 1623 2530 2661 2293 2303 3214 1117 1332 839 628 330 1806 3298 1240 2672 946 3068 3096 2045 526 601 3032 1157 1624 341 1120 1864 1414 1334 1557 3105 1791 3329 2109 1845 415 1155 2313 2367 3328 3179 1200 3373 3202 2904 2043 318 2572 1577 925 1538 3 1682 1835 2151 1283 2350 781 1669 2250 3087 434 1529 2258 872 1359 2834 287 2600 2790 1317 2528 2204 614 3041 2546 1672 1165 2757 1710 363 1656 5 3032 298 92 2051 2745 2767 843 3191 2075 2470 2987 360 66 2751 1437 1235 523 3086 2401 2922 3040 3 2579 2337 1615 1642 151 842 1681 992 290 227 512 2659 1332 3018 417 816 371 2542 1350 1351 2855 2672 800 1240 2006 3087 1812 2830 1931 3257 1851 2462 2083 2458 695 2225 2130 98 1114 676 1827 1627 1514 207 2169 3024 1165 332 1366 1739 3188 353 2503 846 2622 1671 260 2522 1307 1748 2773 811 568 2034 1988 3042 87 1355 2458 3265 2506 1433 2 2442 475 580 494 769 1953 46 1553 2658 1282 526 1057 986 1627 855 1468 1805 1845 3175 1699 2180 869 3266 2886 3327 2592 1171 1175 3462 699 2773 2223 2921 696 343 1440 1758 2959 2143 1999 1531 357 2408 285 2913 1992 1112 2256 1047 1008 712 625 174 598 247 494 677 2628 499 2630 3136 489 2090 2653 2370 348 456 2902 321 645 501 1592 2154 2451 2336 964 1693 2228 619 2870 2751 2246 1534 3306 2461 1455 928 1982 828 1095 2379 1453 2213 3345 3272 2066 596 457 1632 3037 1668 3233 2034 3073 1513 668 416 3604 1122 3518 2423 2748 2897 1915 649 1775 426 3362 2393 124 290 3647 897 1686 1202 1670 994 317 341 3237 375 1747 1926 108 2276 1913 1337 2976 2483 2772 3074 1001 2733 459 910 2367 2671 3611 82 3148 2675 2434 1995 1278 1549 882 1678 3310 2125 441 3367 121 549 3171 1413 1018 1400 1509 2624 2487 791 621 903 1545 1840 2010 3663 619 1024 1990 3387 1548 2957 3127 2879 3053 2564 400 275 2278 646 2696 3518 1232 331 527 857 3441 3317 172 814 3295 3343 3342 3449 2150 1544 508 583 3635 2035 1437 790 239 3310 3431 566 17 2527 2139 2116 1599 1167 2999 2990 3242 2042 2604 2123 689 567 1024 540 3278 1448 3226 739 2190 3395 1114 2761 3711 2006 419 2240 3452 2942 3567 1337 246 1765 2241 1727 324 2828 3642 3792 2125 619 1723 2318 2818 1252 518 1632 3630 1345 2706 1310 2009 152 2460 1065 3167 2246 730 1961 1510 1424 2924 2702 1646 927 754 2208 3807 2477 2521 3544 3710 3141 2371 66 1998 736 366 706 624 766 2151 3204 2386 2410 1151 46 2784 2722 2907 182 741 933 1198 3025 2871 463 1167 1610 712 2853 2103 3630 937 42 1987 3079 2861 3181 1687 1566 1187 140 3504 3218 1082 1595 1354 202 2257 254 2388 3641 1487 1815 569 962 241 1044 3109 2939 2134 2669 335 3149 1609 2127 2952 1959 754 2224 3734 3675 1156 3628 3363 3700 1906 2467 2375 3809 1648 3249 2123 3578 3386 2813 1117 3690 1156 1056 3505 2105 1232 2892 1724 1404 3503 1809 2569 2678 3145 1016 3543 2833 2824 1493 2455 959 1575 3041 2373 2290 3904 793 3114 1013 77 2301 962 945 3587 2882 2749 3954 3063 2450 2233 1500 917 769 3353 2185 1522 2521 527 835 2579 245 693 1908 757 2324 3255 3746 2578 2834 3436 2427 2504 582 1375 2543 3442 540 206 202 1046 2700 2377 3147 546 45 856 3783 2890 322 2302 593 2965 3235 998 2470 641 1426 783 2696 2035 3118 2225 173 148 3289 1117 2423 3309 3911 2558 3582 1535 1062 1848 128 2897 2717 101 2026 3357 2240 3564 2023 2116 3401 2195 2276 339 1691 3487 1877 3271 1974 835 1489 2295 1690 3639 2680 2384 319 1155 3610 1955 1567 3007 3019 39 1492 1341 393 2074 3299 1545 2819 4042 1094 732 749 3326 3758 575 3546 2286 2703 985 2850 760 2003 1183 3059 3260 1040 2381 2933 1583 2420 3291 2676 2918 3548 2526 2187 500 3450 951 286 1734 3291 1705 2228 603 3493 3201 1382 1725 593 3848 1101 1728 3709 261 3304 3614 526 2889 2931 1534 471 659 3070 918 3989 2920 2017 2658 2424 3656 2562 1800 3139 2513 1700 3695 1176 1873 1997 3423 1430 1850 2017 2151 2719 3803 2518 968 1081 2020 2117 1628 1085 332 2728 3625 632 3779 2871 3965 3687 3095 3943 1373 1204 1768 53 1106 3832 2088 2652 1626 210 331 1100 3638 4090 1853 3707 2906 2136 3314 3865 2333 252 1972 1459 1891 2162 1717 1525 1538 2871 413 2041 2713 3609 1277 117 1926 3509 3886 2575 2171 1932 3439 2363 2818 2732 754 2760 931 2710 304 282 3646 618 4177 13 4049 3971 3937 3872 1823 2055 1312 4122 4199 4215 727 3570 2168 2161 2668 3180 1273 2075 420 924 3501 2424 3884 3416 3545 798 895 3080 727 3852 1758 781 2622 2193 2692 3741 4107 245 1025 741 484 1126 1693 243 1746 377 3912 823 2790 1371 3559 10 579 2615 1086 4084 3550 2361 2637 4237 1810 3728 1083 1042 525 900 1058 389 1480 1636 3990 3576 893 2154 39 947 1848 3840 975 1783 2967 835 2940 4013 2982 2897 1759 2350 904 1638 2387 561 580 1518 2698 4225 706 3441 2125 601 216 3728 2298 3967 2193 1346 673 3670 3260 872 574 58 1560 1984 2534 3643 2419 107 1147 785 1674 712 3183 3112 492 1472 1617 2364 758 122 3119 219 1947 3401 2130 315 404 3439 3561 2901 1354 1092 2547 3201 1453 3794 2281 789 2916 3853 2982 985 551 451 639 12 1924 2790 1860 2616 1506 225 3505 986 3668 4367 4250 1500 4240 2265 3373 478 3897 2248 1759 3318 584 615 2444 425 23 1041 245 2857 3296 948 670 2407 3056 1164 1876 3174 3864 396 1319 2774 3256 3972 2393 637 1657 3481 3491 339 2110 910 58 978 2304 3242 402 3252 50 4132 503 537 2527 3090 3624 390 1914 371 2632 283 2212 1600 3775 1015 1910 2761 492 2161 1681 456 571 4152 3928 295 2042 95 572 4062 1812 3593 1125 4457 4368 1581 2676 2378 2230 3019 4087 3147 3767 1184 974 1108 3656 3058 3326 2158 420 1948 3007 4022 950 3380 2539 1616 2791 3708 1542 168 1920 1799 1493 1011 2122 3148 2186 1604 3085 188 386 2777 688 2691 1509 3281 871 1266 444 3153 3853 3784 2964 2399 2752 3765 3428 685 3305 1655 1999 544 3399 235 279 4498 3031 4506 3246 2553 363 1037 3622 2670 843 1737 3168 186 3396 580 3625 1543 1731 1338 3484 2380 1107 1967 3670 3734 449 4403 4429 2784 4189 224 3959 1628 3220 2976 271 3041 4288 2119 1342 1387 700 2950 980 2802 1951 2682 2579 2397 1005 1690 137 160 3902 3561 3553 3792 525 1509 1788 2082 4331 1 2142 1688 3825 44 1202 4180 3037 1324 4257 1168 4301 96 2798 1056 6 4440 1515 4058 3009 317 4142 2801 3228 1452 1402 3376 2266 2594 4339 1763 375 2987 3551 3035 3337 4262 4608 592 2858 4296 658 4083 2075 4225 1985 2123 4491 2096 1285 1163 610 2590 1465 680 2516 977 3274 2121 3506 2159 3677 2164 3982 4305 236 1221 101 2818 266 3991 1155 4315 3309 4527 1232 4187 1446 1504 3270 1459 618 2992 4455 610 174 737 3894 470 1492 3775 4628 277 1966 4264 1576 1331 1738 3332 769 3447 3780 3249 1831 59 908 1357 2246 1826 2258 1046 3958 1498 3292 2010 930 2014 965 1091 903 438 549 1110 3908 1757 1158 504 3105 1151 1085 1624 1976 3721 4103 4272 4115 1113 3225 2262 3906 2537 2462 526 4559 2094 3109 3848 4268 4313 786 3697 531 86 2611 4078 3345 2228 2430 4387 3797 1009 2321 4273 945 3031 390 1394 1623 1586 3657 942 253 1849 1763 4350 2173 3779 2807 2510 2348 2746 2596 96 4408 4438 3145 3476 1585 3499 2013 1249 2887 2616 2549 1614 2955 1904 3293 1441 1739 1737 3706 2463 2550 1421 2831 963 3286 3864 1367 3750 2260 4461 2704 1010 28 4114 2001 1614 2194 1908 2499 4062 272 4188 3312 4447 1414 2505 3771 1803 3607 2767 1096 2623 634 2771 4203 556 1867 3278 1320 2302 1630 982 2971 659 1202 3875 1639 1904 4107 1602 1593 1323 3911 3052 4282 2689 1966 658 54 2771 692 2605 2883 1675 1619 1960 3827 2623 1547 318 2987 3170 3772 4025 404 4113 3718 4843 1626 4102 2655 340 1134 1562 4614 4469 2781 1658 4876 3184 2507 2072 4226 2525 1223 286 2944 4850 3979 2561 773 39 4594 941 402 725 2029 3094 4157 1934 3945 590 1678 470 2982 2351 132 2569 4328 2104 2663 2935 601 243 4886 499 3510 1474 14 4828 2836 4691 3220 638 3639 3851 4175 1961 2161 1345 966 2153 9 3359 2664 1839 1035 3754 1689 1295 261 442 3611 3530 3993 2506 3477 373 590 3960 334 503 1818 2354 118 352 4499 530 4394 4543 4662 2552 1777 176 3111 3758 4636 625 4001 3679 2218 2613 414 206 2701 1513 1859 2043 4227 2725 4716 1487 4564 410 4485 3346 3013 899 2641 1558 2087 3079 2394 4019 2279 4185 3409 1891 287 4383 284 4303 4665 504 3264 152 2744 4132 2034 3960 4056 1627 5008 3430 3117 4047 1600 2400 3761 2259 4618 3531 2508 3572 2344 1416 727 3617 2904 3222 3422 3637 3308 4896 2289 1175 1428 3323 2312 3695 2354 1011 2866 2729 3174 1947 4197 3638 2324 4361 4959 3569 4626 3539 3547 3410 2415 36 4157 2732 2427 1104 2756 4415 3603 704 15 4765 3863 2374 4763 2934 2749 414 270 2699 1108 82 3217 2481 1817 3790 1985 244 2109 222 226 2381 4228 2300 464 722 4661 677 1843 2152 1894 3461
4 87 70 76 18 61 90 99 78 43 91 71 31 2 113 73 75 108 44 46 32 119 39 91 96 21 34 118 60 5 2 51 59 114 128 71 19 87 33 5 32 74 3 43 99 66 29 134 73 19 6 50 104 22 87 35 5 20 29 31 30 72 57 12 38 85 142 30 160 23 69 107 93 5 110 139 87 35 172 17 76 58 33 26 24 45 17 68 157 6 169 76 82 9 160 95 9 187 84 79 137 129 85 74 68 134 91 7 92 106 7 53 156 91 44 29 15 135 135 213 31 63 172 177 202 120 6 223 36 78 9 110 143 157 112 151 157 2 190 91 160 135 234 79 238 155 144 192 10 159 50 66 247 143 9 100 163 222 38 62 195 225 241 263 16 95 106 139 114 267 44 225 164 181 208 176 104 98 126 133 188 117 239 262 281 118 98 89 9 161 196 259 154 224 244 207 154 101 112 265 281 148 270 153 55 217 192 189 177 166 143 178 288 285 142 129 55 12 241 105 48 106 110 126 179 256 24 199 8 313 1 293 296 99 100 107 85 315 38 256 197 38 297 217 194 62 303 164 327 130 317 262 106 321 112 37 118 272 255 158 278 217 190 213 173 116 336 352 99 310 138 330 364 290 341 353 347 342 139 372 136 153 143 168 314 54 250 270 58 192 19 98 385 174 137 362 311 3 23 32 87 180 313 265 160 398 158 116 365 78 73 393 291 296 160 82 55 140 405 299 275 374 147 130 9 122 336 351 199 20 253 326 346 330 309 102 95 82 233 421 72 258 199 388 99 149 322 139 33 386 199 209 320 152 376 114 350 340 45 317 282 137 456 88 399 218 305 156 255 168 43 19 333 172 167 102 72 358 418 183 202 471 455 56 217 156 422 231 114 312 349 19 454 481 305 327 33 467 249 213 201 363 353 453 269 33 235 128 506 134 238 214 367 494 273 35 337 161 260 397 223 349 398 218 52 54 146 388 447 223 71 124 109 411 255 518 367 149 221 60 33 289 498 87 171 225 64 301 169 481 76 112 265 175 461 330 272 100 553 403 314 294 137 261 265 282 490 430 268 374 419 34 124 229 209 376 397 502 250 284 262 40 314 176 3 578 566 575 582 84 23 213 554 553 235 472 465 549 449 76 578 134 30 36 559 565 491 50 606 401 130 381 159 31 32 239 444 274 576 178 125 334 161 498 469 236 225 65 622 508 508 498 470 560 258 359 332 488 354 544 554 624 419 547 247 619 50 169 205 285 475 305 534 630 378 513 499 565 443 637 458 464 65 63 591 147 625 379 485 429 572 610 316 156 62 575 364 34 546 47 389 435 236 601 196 525 554 75 604 76 323 265 647 111 650 23 159 362 517 624 301 163 586 233 580 469 685 664 237 38 137 330 519 549 547 505 497 692 491 241 436 232 392 552 120 182 708 369 595 41 1 551 520 153 485 108 249 121 16 133 275 606 136 727 77 27 170 476 696 340 112 551 539 81 511 123 351 240 434 643 528 473 297 416 88 416 723 321 485 287 551 573 440 136 150 529 740 597 576 610 60 335 707 386 147 573 164 607 781 760 303 459 694 247 548 707 140 67 334 459 465 30 773 418 611 58 673 51 490 269 675 694 52 70 156 141 304 461 697 529 579 261 181 365 483 458 562 778 159 295 702 817 523 495 46 819 434 787 749 145 686 244 480 494 477 467 707 345 376 696 656 591 277 449 129 556 654 341 235 795 216 547 158 677 294 16 743 246 223 287 486 15 338 702 703 348 130 71 467 756 51 452 798 810 474 451 756 365 709 29 797 843 447 232 4 866 185 824 240 571 498 702 810 183 39 266 627 299 612 438 357 393 278 621 481 808 421 878 199 641 481 538 110 22 626 174 143 651 651 820 835 842 698 880 546 766 505 324 420 201 891 769 687 665 822 810 72 448 342 555 185 243 440 133 527 384 841 784 644 878 564 66 29 462 746 937 849 569 38 842 344 89 599 329 96 642 471 770 223 844 598 616 892 865 315 30 954 87 584 51 944 123 469 52 807 379 241 128 850 253 726 503 21 890 320 673 593 620 583 407 214 760 910 611 1013 938 739 373 699 671 973 611 170 522 626 945 717 632 807 697 889 227 695 280 921 348 89 264 378 467 256 38 399 899 726 313 240 71 242 858 228 315 315 581 963 264 1022 659 160 844 677 1059 309 478 1026 528 5 163 1055 40 478 39 428 957 50 712 1035 36 362 365 583 695 145 116 991 211 166 106 557 601 638 1089 525 1060 556 656 64 1039 5 499 39 446 844 1062 230 849 581 395 126 168 148 411 20 1089 234 713 79 73 397 234 880 448 633 969 583 667 122 464 460 291 446 492 374 424 502 541 889 28 553 138 267 886 988 1060 487 417 926 813 341 310 1065 258 806 289 284 1120 953 1001 448 420 382 666 58 335 537 38 386 806 118 941 588 687 623 955 949 785 1075 625 596 508 1070 56 1025 703 704 1093 95 521 1098 1082 77 651 144 554 1164 453 187 268 969 49 229 604 1064 696 68 242 149 193 326 517 1194 636 930 704 839 199 660 687 920 966 770 429 327 1004 525 100 383 817 223 598 1005 1212 691 595 925 118 816 498 1187 183 502 630 208 1069 410 79 734 1241 1135 627 489 86 171 1176 947 248 1089 707 757 476 618 310 189 1213 1113 64 425 699 262 217 1020 90 128 331 748 323 1148 12 1078 577 193 419 1271 228 443 545 508 624 1140 892 374 1203 802 322 1285 764 1179 876 752 335 49 704 114 1078 6 1290 51 674 212 1075 647 688 1149 326 174 677 607 907 1177 233 1171 1063 643 143 463 335 954 171 907 603 1247 211 905 110 48 1061 1161 1136 607 1009 1284 802 338 556 202 920 1234 1102 1115 156 1041 808 806 1280 1321 645 797 1311 1252 239 1271 1136 620 1110 1105 547 1056 127 62 178 45 1254 420 279 917 489 71 144 226 390 10 304 817 405 940 385 657 83 737 328 985 870 1094 815 124 896 654 1242 937 141 320 1093 888 820 953 809 760 986 667 184 1212 1295 182 741 618 946 861 1043 196 382 84 688 341 1237 953 21 397 568 736 1041 1365 323 645 283 578 51 756 424 848 355 267 1262 1228 228 674 983 925 1282 1134 1357 472 96 561 582 757 369 750 642 1115 1329 509 201 812 1343 470 377 969 775 76 578 538 1198 197 796 1171 1069 414 1255 1117 1 1329 497 891 581 1424 1300 651 1162 264 1353 992 106 1284 1309 316 1402 781 894 51 1276 350 630 627 117 1 392 524 1107 1358 494 1197 538 846 958 1514 1267 921 295 84 103 176 251 1210 95 999 1520 1253 1330 843 223 1283 195 154 1153 1079 988 13 302 958 95 104 647 1064 346 240 669 818 874 1460 731 228 842 512 1357 362 1322 787 1306 72 1399 1118 1416 1119 1339 406 258 412 595 1529 1386 1374 1488 811 895 69 1097 1531 235 1474 768 12 541 1569 1435 845 140 238 1455 108 458 257 1285 598 1584 824 343 1061 1018 200 1589 993 1317 730 1376 1305 1167 139 1330 904 259 1132 1098 281 1445 665 1346 954 1567 1416 395 1366 444 264 433 702 1475 701 981 1050 684 780 1410 200 533 6 984 734 1616 1494 40 601 370 535 116 490 1435 107 1523 319 1245 363 910 643 860 188 553 128 118 624 735 297 576 137 196 1533 1023 1491 1135 273 759 1596 1151 964 216 1348 568 187 155 1645 1534 1335 1651 80 1311 1317 919 1267 385 1324 1034 1064 384 706 678 1584 1625 1316 268 1590 1542 927 638 1226 187 437 1018 705 190 1498 260 602 207 1346 1635 165 1418 562 1573 582 591 947 679 1223 1406 789 905 322 429 119 471 543 456 1491 884 1307 1050 1233 786 1218 644 495 624 1007 272 1624 806 83 933 918 1306 1341 907 684 526 905 1729 652 1205 536 587 641 1701 1387 14 253 1347 1550 1611 177 36 1339 236 1069 1627 976 1551 78 1338 1515 1639 494 799 1613 978 145 1361 1256 399 848 342 877 227 377 55 247 73 954 102 1193 1488 565 1418 1290 673 141 679 350 1041 1668 1357 535 1214 641 1332 380 1737 275 995 593 1420 1554 449 622 793 361 711 1576 934 1558 833 294 190 153 562 954 352 1069 561 476 862 969 967 1520 1590 188 1600 1051 18 237 1455 1322 1790 263 1435 1426 997 491 1281 234 1261 863 1015 1628 1094 660 667 1722 454 959 454 672 679 766 24 1156 1806 766 302 773 1844 55 486 1152 1315 1019 896 307 32 471 280 1790 42 637 107 1882 1156 1709 668 1428 771 1797 1675 499 1203 758 1877 1712 107 1740 1399 105 1284 201 1762 1067 566 184 272 1541 1607 1346 1242 1258 1161 756 1431 1669 1218 384 1911 806 1362 54 973 831 799 1019 523 1009 644 906 977 605 339 1619 1350 1013 1039 432 432 1035 1312 1819 147 1128 1319 184 989 1432 261 1056 334 1312 959 1243 1326 1589 122 417 431 1535 1615 1678 883 667 1760 315 975 1550 1852 941 1250 1303 965 641 1843 1975 1070 551 1528 1373 1502 790 286 1205 1684 515 358 1732 1715 1378 858 971 748 1464 192 1484 1603 1999 1021 153 654 1166 1649 269 731 1780 298 664 1334 486 213 1900 1393 107 1868 1887 563 350 425 1809 1945 1401 1446 579 1852 1774 582 1881 1972 1952 1508 1960 1269 1434 165 1969 1192 99 451 1221 59 170 241 506 664 940 1931 975 1306 1687 1655 1070 1235 768 646 485 1843 1243 333 1445 673 745 1605 956 1839 2018 248 1798 1979 1550 1078 200 1589 601 1159 1410 276 734 1982 1946 564 967 1117 1117 1159 1055 804 1301 128 1092 894 273 1421 969 1744 2009 1319 555 1819 416 815 1457 1899 774 2064 1194 1482 1207 1729 1344 409 1882 1007 187 950 1917 1775 1894 1483 54 915 991 1795 1371 2062 2038 41 634 715 454 1119 236 1573 2031 1169 798 1900 1995 2114 1660 1494 2106 1724 148 317 1191 542 142 1398 123 1338 1425 1100 1554 2125 802 1731 1544 1958 462 639 1076 1983 2109 1869 1603 137 2081 371 99 1895 237 760 1539 983 1870 1566 2150 1652 1053 1306 395 729 2022 1754 1037 504 1675 450 1715 559 2040 1374 775 17 46 2137 1073 1823 1174 1294 1798 2156 252 1131 1977 602 81 695 944 1231 907 301 593 665 509 1168 1205 73 963 1461 1372 224 101 1282 805 1704 670 428 308 1269 74 1837 449 1010 17 466 1692 21 1848 441 1679 2194 2146 622 1317 2222 182 1392 723 905 594 745 1327 9 1574 173 1044 376 1818 927 1603 512 250 1375 760 1374 2103 346 560 973 223 961 1776 579 806 1233 784 1897 886 2173 2 1506 1740 1452 1636 1361 2072 1250 529 1305 2059 763 183 103 1320 184 1927 1790 892 883 2193 2223 2177 1774 1675 2285 1213 370 1453 1070 77 1920 74 1027 1504 2238 1530 796 534 2129 950 534 2302 1944 189 2130 208 933 951 1093 93 367 403 1491 870 2125 1881 1900 1981 1270 1343 410 1662 1690 1953 2264 1724 1701 2294 1441 1554 2243 1577 343 1035 1235 1823 2256 311 1402 1587 1693 1480 222 786 507 864 1970 350 806 464 2279 1902 1531 2299 575 1766 1162 2377 1410 1410 2197 1730 1883 1542 248 1742 1386 2396 915 414 1616 599 1715 484 1354 1351 1458 260 1241 2323 874 620 1231 225 2150 1340 964 615 267 2302 95 1370 1165 2168 1774 501 2428 2102 2009 532 1434 319 11 283 1707 1553 799 1435 1286 1258 2099 2240 672 103 813 828 1257 2430 159 1142 1822 604 241 181 2435 524 756 2417 983 159 170 1321 1221 174 2236 412 184 802 1079 2087 1006 2418 2083 1956 1903 1703 101 1711 372 928 1785 1952 905 1283 920 1614 1624 438 1387 334 885 1618 1656 45 337 354 1285 164 1932 411 914 2101 1362 946 2380 953 1927 1243 1104 33 496 1144 1085 2272 1324 1215 755 1708 1160 2184 1471 960 1172 558 887 624 1287 1978 2256 834 2275 2001 1031 1963 1298 878 2167 1642 1586 567 1214 1423 1992 2461 250 2538 261 791 1760 372 1871 865 901 696 479 196 862 322 1734 409 997 1703 1527 116 807 1064 2106 1982 844 292 1411 1602 1156 2316 2535 487 2396 507 748 533 1208 1619 2317 659 1919 1860 1063 2257 1604 2428 265 2263 668 1439 459 1860 503 533 2129 1451 1108 1347 789 599 1171 264 777 2015 467 781 2246 722 1832 1381 1347 2003 2185 1986 672 1401 1487 1689 645 2340 1325 253 1307 1321 1687 1681 2256 1672 2366 1860 366 1076 210 433 954 2134 362 1916 1738 1649 2289 1544 1517 1703 1244 1552 400 1147 1994 1194 1095 2014 20 234 1545 662 375 2332 1835 577 2322 2103 2626 1690 1067 1859 2459 401 959 1960 950 1881 964 1595 24 1792 103 2214 362 2112 57 1617 2267 85 2349 983 1341 1136 1889 1645 354 833 2064 1447 2384 100 358 2289 130 2670 415 2385 1224 2502 749 1166 1347 713 1455 151 1161 916 2277 1214 172 2680 127 1055 1333 2280 2039 518 2655 1279 1285 79 1868 539 324 1332 1694 1811 874 2028 1439 1375 1133 711 1309 1023 2345 1606 661 709 2331 2027 1305 1512 483 209 945 1752 740 2713 354 2248 2126 1542 2702 484 55 1771 67 2058 355 2367 2024 1561 1503 144 1223 1671 920 1313 2341 895 1990 518 554 1427 1992 2509 57 1436 557 2786 131 786 22 2158 802 2260 766 452 400 979 1573 2670 1550 1384 2597 903 1293 1674 1551 2271 2443 886 569 776 503 2717 824 605 1502 570 202 2115 1047 381 55 224 1425 702 841 1901 1592 2031 2251 1166 2298 1544 238 327 2766 1926 1116 654 2531 2003 1409 878 1465 2830 902 2413 184 528 2565 1078 2399 2074 851 845 1657 2157 2695 2098 132 61 2673 2773 2584 1962 2329 742 2337 2095 920 2031 636 1575 2260 2062 182 1819 2411 2684 1020 1985 925 50 1304 1446 1211 1572 1329 2104 563 822 746 1310 2890 1963 887 2028 1282 2466 1430 944 2729 1607 2876 1933 281 1787 828 156 1904 2916 914 2623 2905 1212 2529 756 2095 1181 809 19 402 934 2122 1551 469 385 1001 1611 1076 2934 2153 347 2323 2095 1296 139 1081 1787 975 60 2006 939 2686 1324 706 2352 191 1962 596 922 2328 1200 435 2422 184 2012 677 2714 465 2869 2377 2460 749 1403 1186 825 1522 1572 2311 2516 1184 1719 1652 1403 872 408 2746 2946 767 5 2202 626 175 1506 1046 2777 1324 156 1145 966 2962 943 2400 2127 2375 1040 1720 792 1918 2085 978 994 944 3004 1485 595 479 2744 1805 2345 112 564 1390 1337 1237 2067 989 1189 948 1802 474 948 1996 2063 1596 2289 1211 1295 2873 1929 2485 146 2016 1428 1178 2993 1244 1472 1195 275 2794 1654 2416 75 1393 2787 1824 1305 209 721 1125 1147 2079 2233 1006 728 2344 1745 2959 1575 2407 1779 2847 1323 522 2713 1544 332 819 2750 2867 2617 754 342 1107 2212 2096 1465 794 2619 542 2122 2366 450 483 2342 1537 2606 2142 730 2 473 83 97 878 2113 880 1423 1432 1591 2159 502 2796 2932 1768 2743 2899 1948 401 1827 1840 1523 989 1149 1878 540 1889 1984 789 2775 2781 1753 2098 1626 1831 1398 1425 1729 249 2060 1820 2679 2663 72 3066 2132 1988 604 679 862 839 654 952 1114 2938 2268 1968 959 2655 1955 2446 1288 1935 1792 242 1752 2821 2618 1047 2770 312 220 1693 1587 1630 971 88 482 1056 2979 2676 1947 2212 3026 2518 656 588 2174 663 925 2282 619 272 1366 979 766 2520 1096 2238 3185 1375 3126 1371 708 1445 3134 1521 859 3143 2309 1140 1412 58 1683 260 1549 1890 333 538 2031 1840 1146 1921 1723 153 1832 1205 1663 2033 2438 419 394 1504 1116 101 2030 836 2160 384 581 3072 2363 234 1822 1416 1895 1037 534 137 614 1156 1788 806 75 346 711 2013 2920 616 1720 2294 1060 3139 1600 519 1761 1052 334 896 2443 979 536 1991 1618 2219 263 1423 225 3171 3157 858 2401 1028 1535 2637 586 353 612 1154 102 1206 327 2241 1265 646 1756 996 1186 1 1016 184 1304 1476 937 2727 1731 1937 992 1318 703 3017 1966 1000 1383 2132 449 2681 1324 3105 3169 473 1626 921 1611 1093 1492 2778 328 245 870 418 1888 1638 764 3089 2924 1767 3331 223 3086 1412 2404 970 3076 2018 2962 656 3206 194 1745 2984 276 793 999 2732 1231 990 2854 3176 3283 2007 61 1511 3071 499 27 2195 489 2832 1685 474 589 729 1760 2250 2042 2298 1770 1753 600 125 1559 3261 2946 1606 2835 1397 322 471 2107 3212 2307 2587 2166 3373 1365 2928 1952 3200 3356 1525 3354 2449 524 884 2674 1553 30 208 1719 1926 1017 2202 985 2836 1163 2723 3250 1059 623 2102 2152 566 1559 967 1822 3017 2261 2019 190 2173 319 794 78 2 1610 733 594 2033 1165 1618 260 2214 2659 574 1880 276 1484 3426 1012 234 159 702 3301 2154 1965 25 3184 1414 2407 1705 1044 1530 936 481 875 353 338 1989 1208 1571 174 961 351 2173 3230 1681 2852 2445 1630 2452 3245 1176 10 3110 1882 347 2881 1712 1778 1343 3331 1031 2067 1989 144 1099 468 3357 1767 2031 2590 129 1726 609 2983 1400 546 1942 1988 2912 3083 2355 728 3080 1794 755 183 1458 1228 2829 1389 2472 2188 3056 2021 1999 1669 1667 3208 1659 56 1325 1932 1339 2877 434 157 2019 1147 443 618 2519 513 835 2916 2888 2350 1851 113 3505 2114 2113 830 606 636 275 1640 1585 961 1867 2986 3116 1521 1449 3555 817 377 1920 467 1505 1709 2523 1051 3415 79 346 755 608 3325 1872 980 2257 2290 1452 2363 2125 765 3158 1730 120 376 1628 2419 1476 3166 320 3090 3496 2886 2625 3023 400 2743 2844 1459 60 3601 1101 456 2223 555 235 1656 2147 2500 840 3413 355 1695 2425 2076 2133 755 1600 1395 704 3557 2571 716 2911 1214 2128 3511 472 2164 1147 2318 3353 36 1885 1823 1821 2879 599 138 3173 3192 1252 3338 2613 561 3166 1198 2417 761 899 523 1343 585 2135 1398 529 90 1900 1512 21 417 1455 3101 983 1451 1829 2014 395 1488 1063 1348 2710 923 1247 442 775 1828 2826 699 735 784 3034 1998 1800 1099 1721 1292 1212 881 2387 1752 949 3108 1058 3427 1652 430 3208 427 662 1523 3309 332 2062 330 1729 893 576 2046 2360 3350 3386 553 771 297 640 2202 762 414 1900 2919 872 1434 2220 2325 2223 1464 507 795 378 1053 2528 250 728 2885 3072 1481 680 2841 989 945 185 754 3288 1311 2380 3318 3689 2524 2434 1910 3183 2102 1442 394 1440 3053 2893 723 125 1957 2975 821 3026 2705 804 2961 1730 2598 3645 3296 3668 2726 1873 2895 1547 1478 3478 2619 2187 3682 3047 857 3482 1727 3680 1366 1263 2611 3025 2966 3192 2376 499 1074 1008 1100 181 1680 1407 70 1473 2514 990 3140 819 1569 607 677 312 284 356 1323 949 185 1534 1922 3187 3570 1782 575 736 1709 1926 331 2619 1453 3031 116 1573 1440 899 936 1583 1894 2836 3734 1130 2060 1855 1082 847 3520 3041 3602 2986 1418 3805 1047 814 789 1209 2466 788 3368 2655 3420 1427 2144 3472 1954 1583 689 2143 2163 3771 2729 3772 703 54 3169 179 2044 2486 542 3674 1125 1218 3678 2189 2022 1675 3645 1447 1256 1136 3764 2046 581 2813 3337 3544 3275 2264 1103 3718 1030 3052 1965 272 1477 1726 630 2694 3245 911 2700 3900 2865 305 3614 2463 383 3331 1277 3164 2056 3307 3651 2329 407 1536 1693 859 834 670 381 2855 3111 1521 540 1935 3752 1095 3514 2110 1115 362 2983 3641 3866 3857 274 3830 352 163 1096 1611 1594 567 2281 593 1150 3522 3474 3198 2356 2637 1530 2508 3884 1950 1231 602 2255 3765 817 1391 1953 1587 993 3576 48 1091 1204 2327 866 923 3812 3144 3535 2377 3608 2475 114 2386 3401 56 2997 2313 3631 3793 2395 2081 3384 2936 847 3807 3449 614 657 2188 2133 725 746 1961 1779 3417 1980 3983 2319 3413 3422 775 3705 1346 497 50 3694 2198 1911 1930 1208 3082 504 1720 2439 1112 2031 1820 529 318 3816 2061 1596 993 2453 2261 907 3870 457 715 1767 1913 2233 938 2885 2060 3372 1005 2637 3047 356 1114 826 2153 3093 3084 2628 4040 1027 499 4033 1971 2061 1961 1157 768 3041 1003 2229 2301 2478 436 857 1956 1222 1176 3100 1968 296 3220 4031 534 731 3039 2689 3490 2940 3993 2649 1507 1066 1012 2360 1286 3604 3027 3199 1477 1274 3250 4081 3037 1008 64 2012 3442 1642 1789 2129 837 3652 2005 3418 441 2466 1308 2998 2263 3020 15 2315 1918 1556 228 3574 2909 180 3190 1332 1070 1469 3416 2421 502 2801 3030 2376 456 1350 2946 966 4005 640 3400 3747 171 2918 476 1618 3895 3506 242 2250 2167 3364 1348 2656 3537 3192 2771 793 2809 2745 2185 3281 1447 3491 2587 2122 683 644 3512 62 1634 2300 1596 3547 2085 3539 922 2789 1636 1759 2940 414 3231 2815 920 2791 458 2883 3009 3061 321 1414 63 3246 3039 398 3236 1582 505 1022 867 661 2803 3204 2712 2452 3224 517 927 34 551 1818 674 2206 2220 3368 1659 661 1557 2761 1344 3498 1099 3015 154 3932 631 2760 1832 3543 2381 686 269 3007 112 4001 4026 3807 2610 1541 4167 3944 1179 4132 3753 2299 2135 3364 1378 1941 2765 1317 326 2741 989 1847 3597 2627 1238 814 3037 3905 4206 3739 65 1269 2120 1872 3270 1339 1395 1599 2932 3793 630 166 1542 1014 1720 1425 3932 4248 4165 4005 842 2515 1540 3604 1570 758 4299 3342 2147 194 2169 735 3138 845 3733 3153 801 788 4088 1868 477 1818 3447 2387 796 933 3198 3185 1491 2000 1981 2262 430 2330 3253 2517 2653 838 4303 30 2888 1551 3498 1480 3933 2824 4072 2904 2967 181 3552 145 721 2341 3627 2762 1587 86 4038 3303 631 1315 3075 583 1332 1479 3985 2144 1466 2 3360 1772 2186 962 1557 502 2210 1952 6 3989 464 923 1427 3822 2928 1484 1943 566 3897 3458 2613 2827 2462 1560 1692 2040 2441 2224 2764 3063 4086 1925 3453 354 1733 118 3729 3676 911 3217 2523 2888 4101 2869 4118 451 1683 3994 3109 1668 2380 801 784 1957 627 3705 471 3074 837 963 458 4391 2629 3829 3882 2726 3468 1060 4027 3960 603 375 1700 2603 3395 283 1959 3610 1296 1943 581 1097 4232 2380 3271 2480 2588 2352 2347 2555 3423 2390 1591 2025 3285 1855 4158 1004 1495 3018 260 1819 3713 3766 2722 436 433 1091 2236 3510 647 2827 2090 1780 4191 1275 196 2477 3670 951 3207 3374 4292 3996 3891 1404 2854 2292 3669 679 1748 244 4076 689 2099 3010 1625 3365 1331 3076 1728 2148 1013 1441 3336 3671 145 2821 4122 955 1708 1722 3418 1694 2905 3609 2066 303 1547 2762 2459 1414 2906 3512 2769 3377 1436 1682 1891 4421 3914 1913 12 1230 1772 1580 2523 2618 1493 1946 3523 3812 4394 821 2815 4159 1447 3859 2008 3891 3824 1060 3174 937 408 4433 2655 315 2196 4459 956 271 4275 693 782 4411 1616 3269 2950 4043 2399 1858 2312 3743 1453 2755 1181 1187 3208 4229 59 322 2074 929 481 242 973 3633 1986 4396 3912 254 270 1522 161 2614 569 2381 977 4387 3062 1529 1116 2428 2333 1918 1314 4291 4519 227 2826 3144 4102 1073 2304 770 3528 934 1917 4337 861 580 1533 1313 3056 2947 301 4511 1305 171 1088 3533 1128 2012 2746 3159 167 3904 884 2065 247 1228 498 1312 927 477 946 1629 40 3613 3333 2168 3399 1627 1430 1278 3817 230 2654 606 1259 135 4149 4175 1299 1854 4598 2773 3674 2551 1939 1672 2645 286 3939 1706 2953 249 3981 2651 4392 2689 3214 3814 2431 4209 1718 3012 2041 3893 1071 1682 862 4168 603 1354 2286 690 919 4666 3354 3687 1156 76 2532 4041 3332 1287 3846 3231 907 2230 401 1019 2986 475 2492 997 1270 1548 3486 3021 2884 4234 493 3019 4347 2129 944 2843 3207 95 540 1967 4593 1644 1334 3201 3325 2546 4638 3315 511 404 1626 2598 216 3141 2185 3963 789 797 3682 10 827 2360 4127 4442 132 433 1969 921 598 4297 4569 4595 1044 2633 48 3427 260 2847 3904 31 2422 2534 640 1365 1327 4008 939 2842 332 3427 675 74 2478 1347 371 1393 237 41 407 3120 1383 4115 2238 4417 2715 268 3364 1041 2925 3756 3173 512 2363 286 4026 4430 2354 106 2420 167 2754 1524 4680 1512 4249 4077 1816 2854 3339 1067 3285 64 161 1309 4529 1446 1766 3388 975 2476 2130 2607 4080 3380 3673 1474 2206 4184 4039 4559 4763 455 3960 2046 825 1351 4358 2948 4657 3987 1495 1709 4733 4437 3209 486 4040 2166 4156 945 2902 1911 3595 4427 1753 2686 1273 3841 2657 4133 4375 977 1376 174 3501 820 4396 2451 2900 2011 1661 304 3306 1282 459 467 2264 2668 452 429 2404 3939 3968 3338 4552 1250 3680 3052 554 3343 1874 2820 1894 363 2668 3100 2099 944 1554 2444 3139 1882 1817 3633 172 4605 4044 962 2682 4745 3627 3186 2726 1509 2333 360 253 1175 1199 2100 3686 4019 1923 3051 322 2684 536 2909 296 3493 2723 3275 4197 134 2482 534 1800 3031 688 3769 4365 160 3333 3908 4872 887 146 1095 1914 236 723 3221 1594 4629 4017 2825 4719 2918 2362 1162 3273 4072 4725 2436 4656 2916 1539 27 4558 850 134 2627 3153 834 3917 1152 2380 254 488 363 1630 4379 2442 107 1890 1027 3105 2186 3684 3612 2490 2210 2065 507 2785 147 2545 3182 1263 4197 4996 3835 2574 4725 3559 926 1326 4025 4216 1995 411 2312 2565 3264 4601 2194 3776 4991 3643 1522 2522 3992 4255 4113 678 2106 4283 3040 1639 4755 3492 4142 20 3554 4889 4741 2948 1097 921 3735 2873 2449 153 4716 967 4 4161 1580 3637 4245 1773 1066 3193 62 3555 617 4937 5017 3688 3860 4025 2881 817 2452 3583 2999 3333 4899 1803 4476 1655 1283 3591 2892 3809 4303 4414 2562 3843 1104 2124 3800 3789
